,kc,LAI,stress,R,s,I,E,ET,T,L,dsdt,dos,doy
60,0.3,0.75,1.0,0.0,0.46118083806978993,0.0,0.08451887479126015,0.08451887479126015,0.0,0.0,-0.08451887479126015,1.0,60
61,0.3,0.75,1.0,0.0,0.4607369364164745,0.0,0.08315597947034252,0.08315597947034252,0.0,0.0,-0.08315597947034252,2.0,61
62,0.3,0.75,1.0,0.0,0.46030019282681933,0.0,0.08182228842780102,0.08182228842780102,0.0,0.0,-0.08182228842780102,3.0,62
63,0.3,0.75,1.0,0.0,0.4598704539170094,0.0,0.08051702235971302,0.08051702235971302,0.0,0.0,-0.08051702235971302,4.0,63
64,0.3,0.75,1.0,0.0,0.4594475703962126,0.0,0.07923942681664345,0.07923942681664345,0.0,0.0,-0.07923942681664345,5.0,64
65,0.3,0.75,1.0,0.0,0.45903139693604117,0.0,0.0779887712827074,0.0779887712827074,0.0,0.0,-0.0779887712827074,6.0,65
66,0.3,0.75,1.0,0.0,0.4586217920448505,0.0,0.07676434829346258,0.07676434829346258,0.0,0.0,-0.07676434829346258,7.0,66
67,0.3,0.75,1.0,0.0,0.4582186179466705,0.0,0.0755654725907996,0.0755654725907996,0.0,0.0,-0.0755654725907996,8.0,67
68,0.3,0.75,1.0,0.0,0.45782174046457597,0.0,0.07439148031309051,0.07439148031309051,0.0,0.0,-0.07439148031309051,9.0,68
69,0.3,0.75,1.0,0.0,0.4574310289083097,0.0,0.07324172821894805,0.07324172821894805,0.0,0.0,-0.07324172821894805,10.0,69
70,0.3,0.75,1.0,0.0,0.4570463559659833,0.0,0.07211559294303399,0.07211559294303399,0.0,0.0,-0.07211559294303399,11.0,70
71,0.3,0.75,1.0,0.0,0.45666759759968584,0.0,0.0710124702824333,0.0710124702824333,0.0,0.0,-0.0710124702824333,12.0,71
72,0.3,0.75,1.0,0.0,0.4562946329448411,0.0,0.06993177451218885,0.06993177451218885,0.0,0.0,-0.06993177451218885,13.0,72
73,0.3,0.75,1.0,0.0,0.45592734421315945,0.0,0.06887293772866074,0.06887293772866074,0.0,0.0,-0.06887293772866074,14.0,73
74,0.3,0.75,1.0,0.0,0.4555656165990383,0.0,0.06783540921944445,0.06783540921944445,0.0,0.0,-0.06783540921944445,15.0,74
75,0.3,0.75,1.0,0.0,0.45520933818927234,0.0,0.06681865485864297,0.06681865485864297,0.0,0.0,-0.06681865485864297,16.0,75
76,0.3,0.75,1.0,0.0,0.4548583998759391,0.0,0.06582215652635104,0.06582215652635104,0.0,0.0,-0.06582215652635104,17.0,76
77,0.3,0.75,1.0,0.0,0.45451269527233434,0.0,0.06484541155126543,0.06484541155126543,0.0,0.0,-0.06484541155126543,18.0,77
78,0.3,0.75,1.0,0.0,0.454172120631834,0.0,0.0638879321753881,0.0638879321753881,0.0,0.0,-0.0638879321753881,19.0,78
79,0.3,0.75,1.0,0.0,0.4538365747695683,0.0,0.06294924503984278,0.06294924503984278,0.0,0.0,-0.06294924503984278,20.0,79
80,0.3,0.75,1.0,0.0,0.453505958986796,0.0,0.0620288906908703,0.0620288906908703,0.0,0.0,-0.0620288906908703,21.0,80
81,0.3,0.75,1.0,0.0,0.4531801769978734,0.0,0.06112642310511658,0.06112642310511658,0.0,0.0,-0.06112642310511658,22.0,81
82,0.3,0.75,1.0,0.0,0.45285913485971624,0.0,0.06024140923336885,0.06024140923336885,0.0,0.0,-0.06024140923336885,23.0,82
83,0.3,0.75,1.0,4.960879876332507,0.45254274090365865,0.75,0.12924089655402987,0.12924089655402987,0.0,0.0,4.081638979778478,24.0,83
84,0.3,0.75,1.0,0.0,0.4739799204193019,0.0,0.12684089433830195,0.12684089433830195,0.0,0.0,-0.12684089433830195,25.0,84
85,0.3,0.75,1.0,0.0,0.47331373925155873,0.0,0.1245000858690624,0.1245000858690624,0.0,0.0,-0.1245000858690624,26.0,85
86,0.3,0.75,1.0,0.0,0.4726598522459439,0.0,0.12221665408810138,0.12221665408810138,0.0,0.0,-0.12221665408810138,27.0,86
87,0.3,0.75,1.0,0.0,0.47201795805430474,0.0,0.11998884856207033,0.11998884856207033,0.0,0.0,-0.11998884856207033,28.0,87
88,0.30357142857142855,0.75,1.0,0.0,0.4713877645219409,0.0,0.11781498264614408,0.11781498264614408,0.0,0.0,-0.11781498264614408,29.0,88
89,0.3214285714285714,0.75,1.0,0.0,0.4707689883525809,0.0,0.11569343078499793,0.11569343078499793,0.0,0.0,-0.11569343078499793,30.0,89
90,0.33928571428571425,0.75,1.0,0.0,0.4701613547875336,0.0,0.11362262594365839,0.11362262594365839,0.0,0.0,-0.11362262594365839,31.0,90
91,0.3571428571428571,0.75,1.0,0.0,0.4695645972983337,0.0,0.11160105716123318,0.11160105716123318,0.0,0.0,-0.11160105716123318,32.0,91
92,0.37499999999999994,0.75,1.0,7.812459660808091,0.4689784572922348,0.75,0.2553864081478053,0.2553864081478053,0.0,0.0,6.807073252660286,33.0,92
93,0.3928571428571428,0.75,1.0,0.0,0.5047298924427616,0.0,0.2494398968467606,0.2494398968467606,0.0,0.0,-0.2494398968467606,34.0,93
94,0.41071428571428564,0.75,1.0,19.942427555574383,0.5034198089509193,0.75,0.7996821913359667,1.1559399857854478,0.356257794449481,0.0,18.036487569788935,35.0,94
95,0.4285714285714285,0.75,0.5291150634647341,11.584961216905645,0.59814926047292,0.75,1.1525685218404433,1.7528352548895931,0.6002667330491498,0.0,9.082125962016052,36.0,95
96,0.4464285714285714,0.75,0.287941698376163,0.0,0.6458495018700632,0.0,1.0855245282720152,1.6416021372483183,0.5560776089763031,0.0,-1.6416021372483183,37.0,96
97,0.4642857142857142,0.75,0.32614313977371795,0.0,0.6372276419055237,0.0,1.0239613570731028,1.5386540382196165,0.5146926811465137,0.0,-1.5386540382196165,38.0,97
98,0.4821428571428571,0.75,0.3641085725143037,0.0,0.6291464757384039,0.0,0.9673569624925954,1.4432600460369338,0.47590308354433847,0.0,-1.4432600460369338,39.0,98
99,0.4999999999999999,0.75,0.4016196525549174,0.0,0.6215663284377897,0.0,0.9152461554886273,1.3547645319900177,0.4395183765013904,0.0,-1.3547645319900177,40.0,99
100,0.5178571428571428,0.75,0.43850370928481325,0.0,0.6144509685008673,0.0,0.8672136427681737,1.2725782915723367,0.40536464880416306,0.0,-1.2725782915723367,41.0,100
101,0.5357142857142856,0.75,0.47462587323343886,14.124734938314191,0.6077672589863068,0.75,1.3254782331930357,2.0359392680495145,0.7104610348564788,0.0,11.338795670264677,42.0,101
102,0.5535714285714285,0.75,0.2031493936829438,0.0,0.6673197572545037,0.0,1.2439391973201206,1.9030740321417379,0.6591348348216174,0.0,-1.9030740321417379,43.0,102
103,0.5714285714285714,0.75,0.24078797964553525,0.0,0.6573246205310701,0.0,1.1692977884623326,1.780455967011469,0.6111581785491363,0.0,-1.780455967011469,44.0,103
104,0.5892857142857142,0.75,0.27889600532534903,0.0,0.6479734862505477,0.0,1.1008735734583186,1.6671463074609476,0.566272734002629,0.0,-1.6671463074609476,45.0,104
105,0.607142857142857,0.75,0.3171155512959892,2.478008430614385,0.6392174657281688,0.75,1.1031897768550138,1.670996850096805,0.5678070732417912,0.0,0.05701158051757993,46.0,105
106,0.6249999999999999,0.75,0.31576803881143717,5.653711833891987,0.6395168962981141,0.75,1.2285195117763534,1.8778236014163427,0.6493040896399893,0.0,3.025888232475644,47.0,106
107,0.6428571428571428,0.75,0.24836601296798466,0.0,0.6554091664266627,0.0,1.1551702346017072,1.757134233449688,0.6019639988479808,0.0,-1.757134233449688,48.0,107
108,0.6607142857142856,0.75,0.28652245060075243,5.761798949879801,0.6461805202425782,0.75,1.283248404367718,1.9672627742181388,0.6840143698504209,0.0,3.0445361756616625,49.0,108
109,0.6785714285714284,0.75,0.22213978518955496,21.551341388311357,0.6621707312492046,0.75,2.10694587536768,3.2657689497750724,1.1588230744073924,0.0,17.535572438536285,50.0,109
110,0.6964285714285713,0.75,0.010593081360622938,0.0,0.7542693259894162,0.0,1.954590232073792,3.0310829968229895,1.0764927647491975,0.0,-3.0310829968229895,51.0,110
111,0.7142857142857142,0.75,0.02775586329989565,13.249403361854938,0.7383497724346736,0.75,2.406601640594533,3.6066016405945334,1.2,0.0,8.892801721260405,52.0,111
112,0.732142857142857,0.75,0.0,4.53944425226284,0.785055663827848,0.75,2.415634981820371,3.615634981820371,1.2,0.0,0.17380927044246963,53.0,112
113,0.7499999999999999,0.75,0.0,0.0,0.785968527643197,0.0,2.2391157446517296,3.4391157446517298,1.2,0.0,-3.4391157446517298,54.0,113
114,0.7678571428571428,0.75,0.0023402586805686045,0.0,0.7679059449506984,0.0,2.075409070706511,3.2173576064698635,1.1419485357633523,0.0,-3.2173576064698635,55.0,114
115,0.7857142857142856,0.75,0.01344852287896998,7.403164124519749,0.7510080583620962,0.75,2.238956238120561,3.4389562381205607,1.2,0.0,3.214207886399188,56.0,115
116,0.8035714285714284,0.75,0.0023466652251532987,11.391407091915442,0.7678894023032684,0.75,2.594936664911651,3.794936664911651,1.2,0.3081937093677764,6.538276717636014,57.0,116
117,0.8214285714285712,0.75,0.0,0.23643488745521093,0.8022290909463147,0.23643488745521093,2.389992520986444,3.589992520986444,1.2,0.0,-3.589992520986444,58.0,117
118,0.8392857142857142,0.75,0.0,0.0,0.7833740882100413,0.0,2.215347544302725,3.4153475443027252,1.2,0.0,-3.4153475443027252,59.0,118
119,0.857142857142857,0.75,0.003393603779388088,2.5330385536275157,0.765436338502569,0.75,2.1374120622256245,3.312457038810078,1.1750449765844533,0.0,-1.5294184851825623,60.0,119
120,0.875,0.75,0.008169500003889248,6.6207129487713665,0.7574036783913161,0.75,2.2599692080699603,3.4599692080699604,1.2,0.0,2.410743740701406,61.0,120
121,0.8928571428571428,0.75,0.0015792206697329897,0.0,0.770065147617689,0.0,2.0947598807472443,3.2470725893121513,1.1523127085649068,0.0,-3.2470725893121513,62.0,121
122,0.9107142857142856,0.75,0.011654329574709042,3.377866318362094,0.7530111949427302,0.75,2.065637046923461,3.2023395133635764,1.1367024664401155,0.0,-0.5744731950014823,63.0,122
123,0.9285714285714284,0.75,0.014405756934460341,25.71602401176059,0.7499940037925122,0.75,3.1668621621704967,4.366862162170497,1.2,6.69641991435042,13.902741935239677,64.0,123
124,0.9464285714285714,0.75,0.0,6.02606012533056,0.823012606393561,0.75,2.8589597398252953,4.058959739825295,1.2,2.9171203171452316,-1.7000199316399662,65.0,124
125,0.9642857142857142,0.75,0.0,0.0,0.8140839302820065,0.0,2.502038708728728,3.702038708728728,1.2,0.0,-3.702038708728728,66.0,125
126,0.982142857142857,0.75,0.0,0.0,0.7946404496689354,0.0,2.3191718698552823,3.519171869855282,1.2,0.0,-3.519171869855282,67.0,126
127,0.9999999999999998,0.75,0.00023624868783271154,0.0,0.7761574041339813,0.0,2.149680423712233,3.3312359635553426,1.18155553984311,0.0,-3.3312359635553426,68.0,127
128,1.0178571428571428,0.75,0.007285362038668101,0.0,0.7586614169304343,0.0,1.9932396479458543,3.0908144492119387,1.0975748012660846,0.0,-3.0908144492119387,69.0,128
129,1.0357142857142856,0.75,0.0225863052866139,0.0,0.7424281477644052,0.0,1.851656219300068,2.871311328569213,1.019655109269145,0.0,-2.871311328569213,70.0,129
130,1.0535714285714284,0.75,0.04435618268673854,0.0,0.7273477311227602,0.0,1.7232804168381843,2.670549526227433,0.9472691093892487,0.0,-2.670549526227433,71.0,130
131,1.0714285714285712,0.75,0.07113585485557554,0.0,0.7133217357119018,0.0,1.6066722951698171,2.4866166265869456,0.8799443314171286,0.0,-2.4866166265869456,72.0,131
132,1.0892857142857142,0.75,0.10173095385290538,0.0,0.7002617744378107,0.0,1.5005716481453553,2.3178281654468464,0.8172565173014911,0.0,-2.3178281654468464,73.0,132
133,1.107142857142857,0.75,0.13516414842580723,0.0,0.6880883071823125,0.0,1.403872749957364,2.162696624432464,0.7588238744750999,0.0,-2.162696624432464,74.0,133
134,1.1249999999999998,0.75,0.17063638703033468,0.0,0.6767296064237387,0.0,1.3156030392822096,2.019905150116155,0.7043021108339456,0.0,-2.019905150116155,75.0,134
135,1.1428571428571428,0.75,0.20749533320037808,4.739977278458343,0.6661208608874144,0.75,1.395933572178007,2.149901366919739,0.7539677947417319,0.0,1.8400759115386043,76.0,135
136,1.1607142857142856,0.75,0.17377184231108955,0.0,0.6757851251286886,0.0,1.3083497721366,2.0081183727543053,0.6997686006177052,0.0,-2.0081183727543053,77.0,136
137,1.1785714285714284,0.75,0.21072401991217227,2.8685967406042026,0.6652382849356513,0.75,1.3128042445839283,2.015358014139026,0.7025537695550975,0.0,0.10323872646517662,78.0,137
138,1.1964285714285712,0.75,0.20873748810567772,0.0,0.6657805051376743,0.0,1.232344367018623,1.8840907916794594,0.6517464246608364,0.0,-1.8840907916794594,79.0,138
139,1.2,0.75,0.2464722523614853,5.693157478538166,0.655885070307425,0.75,1.355134551833831,2.0840003047348032,0.7288657529009722,0.0,2.8591571738033625,80.0,139
140,1.2,0.75,0.19043919222303646,14.390499085288894,0.6709016521026108,0.75,1.852645062648478,2.8728511209415704,1.020206058293092,0.0,10.767647964347324,81.0,140
141,1.2,0.75,0.04417659919192112,0.0,0.727454425024603,0.0,1.7241778342364982,2.6719590743545925,0.9477812401180943,0.0,-2.6719590743545925,82.0,141
142,1.2,0.75,0.07092415534409377,2.111467502568711,0.7134210265248415,0.75,1.6666055783220897,2.58134921579012,0.9147436374680303,0.0,-1.219881713221409,83.0,142
143,1.2,0.75,0.08523110118939327,0.0,0.7070140847537206,0.0,1.5551266000175312,2.40479420683539,0.8496676068178589,0.0,-2.40479420683539,84.0,143
144,1.2,0.75,0.11728196641995474,0.0,0.694383863079165,0.0,1.4536129554770112,2.242655498257003,0.7890425427799919,0.0,-2.242655498257003,85.0,144
145,1.2,0.75,0.15177192112033783,0.0,0.6826052102521849,0.0,1.361024500889812,2.0935295101002995,0.7325050092104873,0.0,-2.0935295101002995,86.0,145
146,1.2,0.75,0.18797502919900408,0.6677497757441164,0.6716097821529187,0.6677497757441164,1.2764453282530814,1.9561722825870909,0.6797269543340094,0.0,-1.9561722825870909,87.0,146
147,1.2,0.7589285714285714,0.22529919905650925,0.0,0.6613357680637008,0.0,1.1937260196614305,1.8316426073994054,0.6379165877379749,0.0,-1.8316426073994054,88.0,147
148,1.2,0.8035714285714285,0.26330939034930095,0.0,0.6517157963861828,0.0,1.0982760410773618,1.7242429939205874,0.6259669528432258,0.0,-1.7242429939205874,89.0,148
149,1.2,0.8482142857142856,0.30179685652048416,0.0,0.6426598983088688,0.0,1.0116888975529956,1.6232712026582832,0.6115823051052875,0.0,-1.6232712026582832,90.0,149
150,1.2,0.8928571428571428,0.3404287724163678,0.0,0.6341343142612939,0.0,0.9330809045067936,1.5281341288570438,0.5950532243502503,0.0,-1.5281341288570438,91.0,150
151,1.2,0.9374999999999999,0.3789219941928643,0.0,0.6261083997189775,0.0,0.8616668098958373,1.438317208209702,0.5766503983138646,0.0,-1.438317208209702,92.0,151
152,1.2,0.982142857142857,0.417035875785145,0.0,0.6185542127010694,0.0,0.7967469570015746,1.3533734368368675,0.5566264798352928,0.0,-1.3533734368368675,93.0,152
153,1.2,1.0267857142857142,0.45456635739793494,0.0,0.6114461589361698,0.0,0.7376964056418903,1.272914021508149,0.5352176158662586,0.0,-1.272914021508149,94.0,153
154,1.2,1.0714285714285712,0.4913410739868875,0.0,0.6047606861341313,0.0,0.6839556755314986,1.1966003804512555,0.5126447049197568,0.0,-1.1966003804512555,95.0,154
155,1.2,1.1160714285714284,0.5272152834698589,0.11958467832949946,0.5984760202704167,0.11958467832949946,0.6350228384110226,1.1241372689139986,0.48911443050297604,0.0,-1.1241372689139986,96.0,155
156,1.2,1.1607142857142856,0.562068454946956,0.0,0.5925719379757003,0.0,0.5904467357594276,1.0552668464360582,0.4648201106766304,0.0,-1.0552668464360582,97.0,156
157,1.2,1.2053571428571428,0.595801389146794,47.182857523122486,0.5870295700847546,1.2053571428571428,2.102966229501442,4.031537658072871,1.9285714285714284,0.7136881791121829,41.23227454308029,98.0,157
158,1.2,1.2499999999999998,0.0,0.0,0.8035856338614369,0.0,1.871245699976263,3.8712456999762628,1.9999999999999996,0.0,-3.8712456999762628,99.0,158
159,1.2,1.294642857142857,0.0,0.5283063411187499,0.7832534610674439,0.5283063411187499,1.6863894758017077,3.7578180472302787,2.071428571428571,0.0,-3.7578180472302787,100.0,159
160,1.2,1.339285714285714,0.004347017155133297,0.0,0.7635170217437555,0.0,1.5166017798434877,3.5181762519328195,2.001574472089332,0.0,-3.5181762519328195,101.0,160
161,1.2,1.3839285714285712,0.01955611466301002,3.4336328173149697,0.7450392052945285,1.3839285714285712,1.4334573727520712,3.433439721120773,1.9999823483687018,0.0,-1.3837354752343742,102.0,161
162,1.2,1.4285714285714284,0.0285316866441267,0.0,0.7377716870422472,0.0,1.2904281296612319,3.1900549826189195,1.8996268529576876,0.0,-3.1900549826189195,103.0,162
163,1.2,1.4732142857142856,0.055663537574709494,0.0,0.7210171965873159,0.0,1.1634665695509208,2.964485851659899,1.8010192821089779,0.0,-2.964485851659899,104.0,163
164,1.2,1.5178571428571423,0.08892939983406221,2.829791753601638,0.7054474179546484,1.5178571428571423,1.0889311107382362,2.8602128959070896,1.7712817851688534,0.0,-1.5482782851625938,105.0,164
165,1.2,1.5624999999999998,0.10938708416037617,0.0,0.6973157042720717,0.0,0.9838762985381999,2.6570333412589164,1.6731570427207163,0.0,-2.6570333412589164,106.0,165
166,1.2,1.607142857142857,0.14942647744523177,0.0,0.6833606972276446,0.0,0.8904533538462788,2.4678776681877657,1.5774243143414868,0.0,-2.4678776681877657,107.0,166
167,1.2,1.651785714285714,0.19219752411200802,3.6824236453501147,0.6703991548527088,1.651785714285714,0.8594325767168663,2.456397717106641,1.5969651403897749,0.0,-0.4257597860422404,108.0,167
168,1.2,1.696428571428571,0.20012015607907396,0.0,0.668163021522655,0.0,0.7789367334160534,2.2789923956620215,1.5000556622459682,0.0,-2.2789923956620215,109.0,168
169,1.2,1.7410714285714282,0.24524869739399205,0.0,0.6561935236462789,0.0,0.7073013501774449,2.113457756521695,1.40615640634425,0.0,-2.113457756521695,110.0,169
170,1.2,1.7857142857142856,0.2911965203949349,0.0,0.6450934303872364,0.0,0.643506096514633,1.9588595866544773,1.3153534901398445,0.0,-1.9588595866544773,111.0,170
171,1.2,1.8303571428571423,0.3373040038149174,0.0,0.6348053023060679,0.0,0.586653760466068,1.8143730160514342,1.2277192555853662,0.0,-1.8143730160514342,112.0,171
172,1.2,1.8749999999999998,0.3830320990726171,0.0,0.6252760322637809,0.0,0.5359541728370488,1.6792665600024193,1.1433123871653705,0.0,-1.6792665600024193,113.0,172
173,1.2,1.919642857142857,0.4279443813649631,9.23991500124089,0.6164563549528439,1.919642857142857,0.6415928443664678,2.176117411392486,1.5345245670260181,0.0,5.144154732705547,114.0,173
174,1.2,1.964285714285714,0.29822969088832196,0.0,0.6434739743473058,0.0,0.582200497326245,2.008730460549517,1.4265299632232722,0.0,-2.008730460549517,115.0,174
175,1.2,2.008928571428571,0.34610197571948453,4.800281162183561,0.6329239194074449,2.008928571428571,0.5851291849857079,2.096928416778867,1.5117992317931592,0.0,0.6944241739761225,116.0,175
176,1.2,2.053571428571428,0.3291495658391224,0.0,0.6365711051951346,0.0,0.5311837317712831,1.9318325429073369,1.4006488111360538,0.0,-1.9318325429073369,117.0,176
177,1.2,2.0982142857142856,0.3773648542891178,0.0,0.6264249258731422,0.0,0.4833849550154392,1.7782339595976346,1.2948490045821954,0.0,-1.7782339595976346,118.0,177
178,1.2,2.1428571428571423,0.4246583481126616,0.0,0.6170854617996253,0.0,0.4409991312575958,1.6353140359381708,1.194314904680575,0.0,-1.6353140359381708,119.0,178
179,1.2,2.1875,0.4706145080379637,0.0,0.608496627577261,0.0,0.40338259321768305,1.5023353792993361,1.098952786081653,0.0,-1.5023353792993361,120.0,179
180,1.2,2.2321428571428568,0.5149141064075521,0.0,0.6006062106691762,0.0,0.369970183116728,1.37863033553353,1.0086601524168022,0.0,-1.37863033553353,121.0,180
181,1.2,2.276785714285714,0.557318954833508,0.0,0.5933655051254076,0.0,0.34026530144256256,1.2635912332699304,0.9233259318273679,0.0,-1.2635912332699304,122.0,181
182,1.2,2.321428571428571,0.5976588924097601,0.0,0.5867289965473093,0.0,0.31383130413037946,1.1566621099761165,0.842830805845737,0.0,-1.1566621099761165,123.0,182
183,1.2,2.3660714285714284,0.6358206661021528,0.0,0.5806540905075187,0.0,0.29028404452306233,1.0573317007797738,0.7670476562567113,0.0,-1.0573317007797738,124.0,183
184,1.2,2.4107142857142856,0.6717384044969622,0.0,0.5751008777933392,0.0,0.26928539152976955,0.9651275060555735,0.695842114525804,0.0,-0.9651275060555735,125.0,184
185,1.2,2.4553571428571423,0.7053854412851227,16.40501853239081,0.5700319308077532,2.4553571428571423,0.4549058799796232,2.2352866660587676,1.7803807860791445,0.0,11.714374723474899,126.0,185
186,1.2,2.4999999999999996,0.3525651493321608,0.0,0.631557008136928,0.0,0.41024603162183765,2.0351581618126855,1.624912130190848,0.0,-2.0351581618126855,127.0,186
187,1.2,2.5446428571428568,0.40516711951844925,0.0,0.6208681522450548,0.0,0.3711725217698922,1.8510252869036403,1.479852765133748,0.0,-1.8510252869036403,128.0,187
188,1.2,2.589285714285714,0.4561847155778697,0.0,0.6111463807802248,0.0,0.3369490501713384,1.6816605031007767,1.3447114529294384,0.0,-1.6816605031007767,129.0,188
189,1.2,2.633928571428571,0.5051562930051097,0.0,0.602314130238729,0.0,0.30693862199493516,1.5259482460192242,1.219009624024289,0.0,-1.5259482460192242,130.0,189
190,1.2,2.678571428571428,0.551753645460059,0.0,0.594299696173502,0.0,0.2805898235857042,1.382870329417166,1.1022805058314618,0.0,-1.382870329417166,131.0,190
191,1.2,2.7232142857142856,0.5957572280212748,0.0,0.5870367217542942,0.0,0.25742506709937496,1.2514936462456452,0.9940685791462702,0.0,-1.2514936462456452,132.0,191
192,1.2,2.7678571428571423,0.6370354351303983,0.0,0.5804637509231722,0.0,0.23703050082491697,1.1309598028925372,0.8939293020676202,0.0,-1.1309598028925372,133.0,192
193,1.2,2.8124999999999996,0.6755272636069893,0.0,0.5745238359920138,0.0,0.21904733425844375,1.0204763821146923,0.8014290478562486,0.0,-1.0204763821146923,134.0,193
194,1.2,2.8571428571428568,0.7112278128435969,0.02835196160966416,0.5691641911279661,0.02835196160966416,0.20316436915452804,0.9193095783516222,0.7161452091970941,0.0,-0.9193095783516222,135.0,194
195,1.2,2.901785714285714,0.7441761712993957,0.0,0.5643358845189765,0.0,0.18911156192927417,0.8267779887102664,0.6376664267809923,0.0,-0.8267779887102664,136.0,195
196,1.1972222222222224,2.946428571428571,0.7744453160890412,0.0,0.5599935631497,0.0,0.17665447056087719,0.742247375669504,0.5655929051086269,0.0,-0.742247375669504,137.0,196
197,1.1833333333333333,2.991071428571428,0.8021337149805201,0.0,0.5560952050842088,0.0,0.16558946182427015,0.6651262448648388,0.4995367830405687,0.0,-0.6651262448648388,138.0,197
198,1.1694444444444445,3.0,0.8273583707061065,0.0,0.5526018949746246,0.0,0.1585456165380048,0.5925020000507975,0.4339563835127926,0.0,-0.5925020000507975,139.0,198
199,1.1555555555555557,3.0,0.8501576530039249,0.0,0.549490014722257,0.0,0.1529974046589842,0.5272056873263181,0.3742082826673339,0.0,-0.5272056873263181,140.0,199
200,1.1416666666666668,3.0,0.8707048925006158,0.0,0.5467210772888205,0.0,0.14811632497671862,0.4691610089220711,0.32104468394535246,0.0,-0.4691610089220711,141.0,200
201,1.1277777777777778,3.0,0.8891962202463031,0.0,0.5442569963596079,0.0,0.14381723020875883,0.4175515603132298,0.273734330104471,0.0,-0.4175515603132298,142.0,201
202,1.113888888888889,3.0,0.9058168436194108,0.0,0.5420639734588031,0.0,0.140026714244686,0.37165500465370466,0.23162829040901867,0.0,-0.37165500465370466,143.0,202
203,1.1,3.0,0.9207400107924906,0.0,0.5401120038965462,0.0,0.13668135084700547,0.33083182566069264,0.19415047481368716,0.0,-0.33083182566069264,144.0,203
204,1.0861111111111112,3.0,0.9341265661080271,0.0,0.5383744417869838,0.0,0.13372621716372435,0.2945154994738126,0.1607892823100883,0.0,-0.2945154994738126,145.0,204
205,1.0722222222222224,3.0,0.9461249281158496,0.0,0.5368276166847054,0.0,0.1311136534386124,0.2622038937849547,0.1310902403463423,0.0,-0.2622038937849547,146.0,205
206,1.0583333333333333,3.0,0.956871363250065,0.0,0.535450495393818,0.0,0.1288022188647009,0.23345173042600498,0.1046495115613041,0.0,-0.23345173042600498,147.0,206
207,1.0444444444444445,3.0,0.9664904597227766,0.0,0.5342243833642696,0.0,0.12675581055700166,0.20786397115097716,0.08110816059397549,0.0,-0.20786397115097716,148.0,207
208,1.0305555555555557,3.0,0.975095730407988,0.0,0.533132660826712,0.0,0.1249429183977339,0.18509000627060296,0.060147087872869064,0.0,-0.18509000627060296,149.0,208
209,1.0166666666666668,3.0,0.9827902919888396,0.0,0.5321605494492403,0.0,0.12333599325650216,0.1648185426819153,0.041482549425413136,0.0,-0.1648185426819153,150.0,209
210,1.0027777777777778,3.0,0.989667581756523,0.0,0.5312949058427177,0.0,0.121910909992816,0.1467731021729945,0.02486219218017851,0.0,-0.1467731021729945,151.0,210
211,0.9888888888888889,3.0,0.9958120841894557,0.0,0.5305240387094561,0.0,0.1206465098598281,0.13070805308138433,0.010061543221556234,0.0,-0.13070805308138433,152.0,211
212,0.9750000000000001,3.0,1.0,0.0,0.5298375468340286,0.0,0.11952420956996729,0.11952420956996729,0.0,0.0,-0.11952420956996729,153.0,212
213,0.9611111111111111,3.0,1.0,0.0,0.5292097936325056,0.0,0.11850100214106432,0.11850100214106432,0.0,0.0,-0.11850100214106432,154.0,213
214,0.9472222222222223,3.0,1.0,0.0,0.5285874144195799,0.0,0.11748945298969474,0.11748945298969474,0.0,0.0,-0.11748945298969474,155.0,214
215,0.9333333333333333,3.0,1.0,0.0,0.5279703479648021,0.0,0.11648939640623292,0.11648939640623292,0.0,0.0,-0.11648939640623292,156.0,215
216,0.9194444444444445,3.0,1.0,0.0,0.5273585339080467,0.0,0.11550066950148014,0.11550066950148014,0.0,0.0,-0.11550066950148014,157.0,216
217,0.9055555555555557,3.0,1.0,0.0,0.5267519127446986,0.0,0.11452311215078474,0.11452311215078474,0.0,0.0,-0.11452311215078474,158.0,217
218,0.8916666666666667,3.0,1.0,30.676493278085747,0.5261504258111335,3.0,0.41415503176430535,3.131150092523184,2.7169950607588786,0.0,24.54534318556256,159.0,218
219,0.8777777777777778,3.0,0.24973989416080358,0.0,0.6550650433823655,0.0,0.3742068370819216,2.775455670023338,2.4012488329414166,0.0,-2.775455670023338,160.0,219
220,0.8638888888888889,3.0,0.3114172563439519,0.0,0.6404880703255202,0.0,0.33994392803299694,2.4613148782829852,2.1213709502499882,0.0,-2.4613148782829852,161.0,220
221,0.8500000000000001,3.0,0.37180239717034713,0.0,0.6275609963849583,0.0,0.31049046209330056,2.1836615926845,1.8731711305911993,0.0,-2.1836615926845,162.0,221
222,0.8361111111111111,3.0,0.4298523464718535,0.0,0.6160921854990103,0.0,0.2851150048969239,1.938084966477922,1.652969961580998,0.0,-1.938084966477922,163.0,222
223,0.8222222222222222,3.0,0.484899602227018,0.0,0.6059131678179288,0.0,0.26320544530992335,1.7207382674141558,1.4575328221042325,0.0,-1.7207382674141558,164.0,223
224,0.8083333333333333,3.0,0.5365522832699353,0.0,0.5968756769176444,0.0,0.2442484497207967,1.528261446539569,1.2840129968187723,0.0,-1.528261446539569,165.0,224
225,0.7944444444444445,3.0,0.5846187037300246,0.0,0.5888490936900206,0.0,0.2278126018956005,1.357715200743995,1.1299025988483946,0.0,-1.357715200743995,166.0,225
226,0.7805555555555557,3.0,0.6290505235122594,0.0,0.5817182365432559,0.0,0.2135345424824854,1.2065246841129988,0.9929901416305135,0.0,-1.2065246841129988,167.0,226
227,0.7666666666666667,3.0,0.6699000341641362,0.0,0.5753814472359398,0.0,0.20110755532207023,1.072431342252113,0.8713237869300429,0.0,-1.072431342252113,168.0,227
228,0.7527777777777778,3.0,0.7072882011171965,0.0,0.5697489296820947,0.0,0.19027215366467243,0.9534516035608896,0.7631794498962172,0.0,-0.9534516035608896,169.0,228
229,0.7388888888888889,3.0,0.7413808874527085,0.0,0.5647413057138126,0.0,0.18080830403796602,0.8478413737431683,0.6670330697052023,0.0,-0.8478413737431683,170.0,229
230,0.7250000000000001,3.0,0.7723712948501023,2.2639713206267116,0.5602883573223044,2.2639713206267116,0.17252899336566296,0.7540654539539073,0.5815364605882444,0.0,-0.7540654539539073,171.0,230
231,0.7111111111111111,3.0,0.8004671218198159,0.0,0.5563279295179246,0.0,0.1652748995219755,0.6707711462661282,0.5054962467441527,0.0,-0.6707711462661282,172.0,231
232,0.6972222222222222,3.0,0.8258812932975714,0.0,0.5528049718169471,0.0,0.1589099695578886,0.5967654284432724,0.4378554588853838,0.0,-0.5967654284432724,173.0,232
233,0.6833333333333333,3.0,0.8488253858996618,0.0,0.5496706996087366,0.0,0.1533177454969059,0.5309951779846481,0.3776774324877422,0.0,-0.5309951779846481,174.0,233
234,0.6694444444444445,3.0,0.8695050797166314,7.693111033223878,0.546881859388229,3.0,0.19367784780828262,0.9910644421688877,0.797386594360605,0.0,3.70204659105499,175.0,234
235,0.6555555555555556,3.0,0.7305094821411927,0.0,0.5663253814000724,0.0,0.18378460982105846,0.8812319327024477,0.6974473228813892,0.0,-0.8812319327024477,176.0,235
236,0.6416666666666667,3.0,0.762498760856437,0.0,0.5616970624257949,0.0,0.17513418015798038,0.7837177787332412,0.6085835985752609,0.0,-0.7837177787332412,177.0,236
237,0.6277777777777778,3.0,0.7915241136455546,0.0,0.5575808976215236,0.0,0.16755864949695792,0.697111883830211,0.5295532343332532,0.0,-0.697111883830211,178.0,237
238,0.6138888888888889,3.0,0.8177975872581708,0.0,0.5539195957106506,0.0,0.160914743676826,0.6201709813213176,0.4592562376444917,0.0,-0.6201709813213176,179.0,238
239,0.6,3.0,0.8415317917641936,0.0,0.5506623951785009,0.0,0.15507991915862546,0.5517979065858424,0.3967179874272169,0.0,-0.5517979065858424,180.0,239
