,kc,LAI,stress,R,s,I,E,ET,T,L,dsdt,dos,doy
60,0.3,0.75,0.4631848035427716,0.0,0.6098557958041967,0.0,0.8366556051145307,1.2199634249746747,0.38330781986014395,0.0,-1.2199634249746747,1.0,60
61,0.3,0.75,0.498727338867547,0.0,0.6034484248747078,0.0,0.7946610309183126,1.1472134703169101,0.35255243939859754,0.0,-1.1472134703169101,2.0,61
62,0.3,0.75,0.5333489332970545,0.0,0.5974231440432115,0.0,0.7558338571370299,1.079464948544445,0.3236310914074151,0.0,-1.079464948544445,3.0,62
63,0.3,0.75,0.5669868000914974,0.0,0.5917536852798478,0.0,0.7198964503664023,1.0163141397096718,0.2964176893432695,0.0,-1.0163141397096718,4.0,63
64,0.3,0.75,0.5995968545875856,0.0,0.5864159009326332,0.0,0.6865989996355434,0.9573953241121825,0.27079632447663915,0.0,-0.9573953241121825,5.0,64
65,0.3,0.75,0.6311503948116527,0.0,0.5813875641463297,0.0,0.6557163846764801,0.9023766925788628,0.24666030790238266,0.0,-0.9023766925788628,6.0,65
66,0.3,0.75,0.6616313331328074,0.0,0.5766481907609365,0.0,0.6270454350647389,0.8509567507172341,0.22391131565249525,0.0,-0.8509567507172341,7.0,66
67,0.3,0.75,0.691033886054402,0.0,0.5721788800954049,0.0,0.600402526655209,0.8028611511131521,0.20245862445794316,0.0,-0.8028611511131521,8.0,67
68,0.3,0.75,0.7193606455437812,0.0,0.5679621723689702,0.0,0.5756214697334738,0.7578398971045306,0.1822184273710567,0.0,-0.7578398971045306,9.0,68
69,0.3,0.75,0.7466209686010362,12.866315805061836,0.5639819208085473,0.75,0.9567721925053592,1.4253387520097933,0.4685665595044341,0.0,10.690977053052043,10.0,69
70,0.3,0.75,0.4089243857185883,0.0,0.6201320103728962,0.0,0.9054944078853339,1.3381280576752357,0.43263364978990176,0.0,-1.3381280576752357,11.0,70
71,0.3,0.75,0.44566825351635797,0.0,0.6131040268767027,0.0,0.8582186167935564,1.2571179458017294,0.398899329008173,0.0,-1.2571179458017294,12.0,71
72,0.3,0.75,0.48162757955627516,0.0,0.6065015166571558,0.0,0.8145813965811594,1.181788676535507,0.36720727995434765,0.0,-1.181788676535507,13.0,72
73,0.3,0.75,0.5167042433046185,0.0,0.6002946433560239,0.0,0.7742570549562233,1.111671343065138,0.33741428810891455,0.0,-1.111671343065138,14.0,73
74,0.3,0.75,0.5508250168985422,0.0,0.5944560333609339,0.0,0.7369532288860197,1.0463421890185023,0.3093889601324825,0.0,-1.0463421890185023,15.0,74
75,0.3,0.75,0.5839372125597609,0.0,0.5889605386707106,0.0,0.7024070530123725,0.9854176386317834,0.2830105856194109,0.0,-0.9854176386317834,16.0,75
76,0.3,0.75,0.6160050572107779,0.0,0.5837850258627706,0.0,0.6703818166298062,0.9285499407711049,0.2581681241412987,0.0,-0.9285499407711049,17.0,76
77,0.3,0.75,0.6470066700505039,13.887585817914935,0.5789081879385526,0.75,1.1004000840157782,1.6663590285892744,0.5659589445734962,0.0,11.47122678932566,18.0,77
78,0.3,0.75,0.3173914906873656,0.0,0.6391562277984563,0.0,1.037627947322639,1.561577840755229,0.5239498934325899,0.0,-1.561577840755229,19.0,78
79,0.3,0.75,0.35543219727651754,0.0,0.6309546635087755,0.0,0.9799290477867567,1.4645114326288788,0.48458238484212224,0.0,-1.4645114326288788,20.0,79
80,0.3,0.75,0.3930642873208544,0.0,0.6232629017827834,0.0,0.9268258059410975,1.3744877344984578,0.4476619285573603,0.0,-1.3744877344984578,21.0,80
81,0.3,0.75,0.4301053624315844,0.0,0.6160439535973924,0.0,0.8778920456888459,1.2909030229563292,0.4130109772674833,0.0,-1.2909030229563292,22.0,81
82,0.3,0.75,0.4664125030616603,0.0,0.609264000745731,0.0,0.8327467756936398,1.2132139792731482,0.3804672035795084,0.0,-1.2132139792731482,23.0,82
83,0.3,0.75,0.5018754532431986,13.729028230904335,0.602892078585683,0.75,1.2722582032732,1.9493425728602172,0.6770843695870173,0.0,11.029685658044118,24.0,83
84,0.3,0.75,0.22725776366877554,0.0,0.6608210998989399,0.0,1.1952334503343103,1.8231747298492216,0.6279412795149113,0.0,-1.8231747298492216,25.0,84
85,0.3,0.75,0.2652431185523638,0.0,0.6512456023682192,0.0,1.1246597671656262,1.7066386585330782,0.5819788913674518,0.0,-1.7066386585330782,26.0,85
86,0.3,0.75,0.30345923748353354,8.837621615436332,0.6422821640355875,0.75,1.3778040209542493,2.1206480288822873,0.742844007928038,0.0,5.966973586554044,27.0,86
87,0.3,0.75,0.18106280749275047,0.0,0.6736213110237915,0.0,1.29178295678983,1.9811652497040293,0.6893822929141992,0.0,-1.9811652497040293,28.0,87
88,0.30357142857142855,0.75,0.21821592533465856,0.0,0.6632160313509763,0.0,1.213107344434504,1.85254429491919,0.6394369504846861,0.0,-1.85254429491919,29.0,88
89,0.3214285714285714,0.75,0.2560915338681562,0.0,0.6534862819028713,0.0,1.1410455712687115,1.7337797244024935,0.592734153133782,0.0,-1.7337797244024935,30.0,89
90,0.33928571428571425,0.75,0.2942832660024089,0.0,0.6443802959553792,0.0,1.0749493721030672,1.623974792688887,0.5490254205858198,0.0,-1.623974792688887,31.0,90
91,0.3571428571428571,0.75,0.3324628707270249,0.0,0.6358510165820132,0.0,1.0142431497535682,1.5223280293472312,0.508084879593663,0.0,-1.5223280293472312,32.0,91
92,0.37499999999999994,0.75,0.3703667134313206,11.4222565719365,0.6278555962598114,0.75,1.3711602001269243,2.109915547180821,0.7387553470538968,0.0,8.56234102475568,33.0,92
93,0.3928571428571428,0.75,0.1837806899656124,0.0,0.6728258747511753,0.0,1.2857105672346323,1.9712747660402736,0.6855641988056412,0.0,-1.9712747660402736,34.0,93
94,0.41071428571428564,0.75,0.22100325829537257,0.0,0.6624725408959218,0.0,1.20754905069339,1.8434172469938144,0.6358681963004243,0.0,-1.8434172469938144,35.0,94
95,0.4285714285714285,0.75,0.2589151836553274,0.0,0.6527907276238955,0.0,1.1359506182407029,1.725346110835401,0.589395492594698,0.0,-1.725346110835401,36.0,95
96,0.4464285714285714,0.75,0.2971164106591843,0.6465953137093701,0.6437290358653062,0.6465953137093701,1.0702727355739272,1.6161721077273965,0.5458993721534694,0.0,-1.6161721077273965,37.0,96
97,0.4642857142857142,0.75,0.3352839076806479,7.104417558365657,0.6352407369801832,0.75,1.2537222915468895,1.919073229682836,0.6653509381359465,0.0,4.43534432868282,38.0,97
98,0.4821428571428571,0.75,0.23605755828550298,0.0,0.6585356126560384,0.0,1.178259028387058,1.7952299691360425,0.6169709407489844,0.0,-1.7952299691360425,39.0,98
99,0.4999999999999999,0.75,0.2741281257855721,0.0,0.6491068838265425,0.0,1.1090934567281978,1.6808064990956015,0.5717130423674037,0.0,-1.6808064990956015,40.0,99
100,0.5178571428571428,0.75,0.3123507951861916,21.226257903960132,0.6402791186002,0.75,1.898318379085773,2.9438663308195094,1.0455479517337365,0.0,17.53239157314062,41.0,100
101,0.5357142857142856,0.75,0.036311578290172154,9.419161170496182,0.7323610071145941,0.75,2.16540680060808,3.355289916367279,1.1898831157591987,0.0,5.313871254128903,42.0,101
102,0.5535714285714285,0.75,0.006228369686960052,0.0,0.7602699947938425,0.0,2.0074577666010645,3.1127537416115083,1.1052959750104439,0.0,-3.1127537416115083,43.0,102
103,0.5714285714285714,0.75,0.020826532614358094,0.0,0.7439214982517652,0.0,1.86453523302091,2.8913584246293826,1.026823191608473,0.0,-2.8913584246293826,44.0,103
104,0.5892857142857142,0.75,0.04204830395607488,4.243323564984838,0.7287357922400562,0.75,1.891899460334122,2.9338982437162615,1.0419987833821394,0.0,0.5594253212685762,45.0,104
105,0.607142857142857,0.75,0.037366513057215014,0.0,0.7316739504399963,0.0,1.7597934385563594,2.7278284006683413,0.9680349621119819,0.0,-2.7278284006683413,46.0,105
106,0.6249999999999999,0.75,0.06280613274464629,38.83110512417824,0.7173471206045533,0.75,3.5473819345934166,4.747381934593417,1.2,12.146339547547834,21.187383642036984,47.0,106
107,0.6428571428571428,0.75,0.0,7.768982266003459,0.8286253960354198,0.75,3.0072364789438164,4.207236478943816,1.2,4.648863571070328,-1.8371177840106858,48.0,107
108,0.6607142857142856,0.75,0.0,0.0,0.8189766681782209,0.0,2.548779024919383,3.748779024919383,1.2,0.0,-3.748779024919383,49.0,108
109,0.6785714285714284,0.75,0.0,0.0,0.7992877027112073,0.0,2.3624579052206593,3.5624579052206595,1.2,0.0,-3.5624579052206595,50.0,109
110,0.6964285714285713,0.75,0.0,1.9554367542293156,0.7805773145535357,0.75,2.2477468599535295,3.4477468599535293,1.2,0.0,-2.2423101057242136,51.0,110
111,0.7142857142857142,0.75,0.002006869490174102,4.437384241676117,0.7688004757629674,0.75,2.259322385132467,3.4593223851324666,1.2,0.0,0.22806185654365052,52.0,111
112,0.732142857142857,0.75,0.0016005505653166492,29.63352170173538,0.7699982796313689,0.75,3.59396442347207,4.79396442347207,1.2,12.852654067118893,11.236903211144417,53.0,112
113,0.7499999999999999,0.75,0.0,25.256501150360673,0.8290156284293964,0.75,3.9879782832497046,5.187978283249705,1.2,19.010342024788144,0.30818084232282317,54.0,113
114,0.7678571428571428,0.75,0.0,0.0,0.8306342252903356,0.0,2.6612988810536304,3.8612988810536306,1.2,0.903250878709806,-4.764549759763437,55.0,114
115,0.7857142857142856,0.75,0.0,7.1262305121441045,0.8056103294932587,0.75,2.74401051728997,3.9440105172899695,1.2,1.7027572252190681,0.7294627696350668,56.0,115
116,0.8035714285714284,0.75,0.0,0.0,0.809441541518653,0.0,2.457957384984911,3.657957384984911,1.2,0.0,-3.657957384984911,57.0,116
117,0.8214285714285712,0.75,0.0,0.0,0.79022958046306,0.0,2.278335136664752,3.478335136664752,1.2,0.0,-3.478335136664752,58.0,117
118,0.8392857142857142,0.75,0.0010340048454530965,0.0,0.7719610135688124,0.0,2.11179994939407,3.2732128145243697,1.1614128651302995,0.0,-3.2732128145243697,59.0,118
119,0.857142857142857,0.75,0.010185032259116404,73.25092499412716,0.75476976979505,0.75,6.121708980231986,7.321708980231986,1.2,52.2169109399666,12.962305073928569,60.0,119
120,0.875,0.75,0.0,0.0,0.8228491031665235,0.0,2.585976281936187,3.785976281936187,1.2,0.23104692242885624,-4.017023204365043,61.0,120
121,0.8928571428571428,0.75,0.0,1.5368009494474537,0.8017512922192281,0.75,2.4243510271356827,3.624351027135683,1.2,0.0,-2.8375500776882294,62.0,121
122,0.9107142857142856,0.75,0.0,0.017221343487553498,0.786848193071706,0.017221343487553498,2.247193717330987,3.447193717330987,1.2,0.0,-3.447193717330987,63.0,122
123,0.9285714285714284,0.75,0.0020274544845545975,0.0,0.7687431840521104,0.0,2.0829053148545564,3.228872598304686,1.1459672834501298,0.0,-3.228872598304686,64.0,123
124,0.9464285714285714,0.75,0.012737542511478678,6.68368679645443,0.751784819565216,0.75,2.2114625788137126,3.4114625788137127,1.2,0.0,2.5222242176407175,65.0,124
125,0.9642857142857142,0.75,0.0035847543361218715,0.0,0.765031795498203,0.0,2.049743948266547,3.177896566657921,1.1281526183913742,0.0,-3.177896566657921,66.0,125
126,0.982142857142857,0.75,0.01603651210267451,0.0,0.7483411622699576,0.0,1.902825366510055,2.9508629454058513,1.0480375788957963,0.0,-2.9508629454058513,67.0,126
127,0.9999999999999998,0.75,0.035580624221048275,0.0,0.7328429325146748,0.0,1.769703288463887,2.7433493645343257,0.9736460760704388,0.0,-2.7433493645343257,68.0,127
128,1.0178571428571428,0.75,0.06064480516257356,0.0,0.7184345850118685,0.0,1.6488633410039257,2.5533493490608947,0.9044860080569688,0.0,-2.5533493490608947,69.0,128
129,1.0357142857142856,0.75,0.08994208112133745,0.0,0.7050241367499941,0.0,1.5389814817620646,2.379097338162036,0.8401158563999714,0.0,-2.379097338162036,70.0,129
130,1.0535714285714284,0.75,0.12241915600389494,0.0,0.6925288776209918,0.0,1.4388970659680647,2.219035678548825,0.7801386125807604,0.0,-2.219035678548825,71.0,130
131,1.0714285714285712,0.75,0.1572145387048215,0.0,0.6808742784689497,0.0,1.347590146942505,2.071786683593463,0.7241965366509582,0.0,-2.071786683593463,72.0,131
132,1.0892857142857142,0.75,0.1936244792513348,0.0,0.6699930458870512,0.0,1.2641622794518792,1.936128899709725,0.6719666202578457,0.0,-1.936128899709725,73.0,132
133,1.107142857142857,0.75,0.231075175521469,0.0,0.6598243016658867,0.0,1.1878202322879055,1.8109768802841613,0.6231566479962559,0.0,-1.8109768802841613,74.0,133
134,1.1249999999999998,0.75,0.26910003334703725,0.0,0.6503128684711169,0.0,1.117862125834332,1.695363894495693,0.577501768661361,0.0,-1.695363894495693,75.0,134
135,1.1428571428571428,0.75,0.30732101296600683,12.591520534263239,0.6414086463361606,0.75,1.5274736790263481,2.3607609091944544,0.8332872301681062,0.0,9.480759625068785,76.0,135
136,1.1607142857142856,0.75,0.12615978853988338,0.0,0.6912025519300092,0.0,1.4284057615241859,2.20217801078823,0.7737722492640442,0.0,-2.20217801078823,77.0,136
137,1.1785714285714284,0.75,0.16116534318455136,6.73750246123767,0.6796364909489786,0.75,1.5883171424889844,2.4575177392433503,0.8692005967543661,0.0,3.52998472199432,78.0,137
138,1.1964285714285712,0.75,0.10712181626564383,0.0,0.6981763266737386,0.0,1.4838540538516767,2.291100421885622,0.8072463680339453,0.0,-2.291100421885622,79.0,138
139,1.2,0.75,0.14094547370809038,17.62472677559527,0.6861432362226587,0.75,2.1371406702581766,3.312041484183962,1.1749008139257857,0.0,13.56268529141131,80.0,139
140,1.2,0.75,0.008189651234784214,0.0,0.7573758270388946,0.0,1.9819006443867084,3.073304614173402,1.091403969786694,0.0,-3.073304614173402,81.0,140
141,1.2,0.75,0.024044197431136234,0.555358474502607,0.7412345212921856,0.555358474502607,1.841383516174203,2.8553092183766937,1.0139257022024906,0.0,-2.8553092183766937,82.0,141
142,1.2,0.75,0.046245385370288314,1.6858995825774332,0.7262381493469299,0.75,1.7553881257380406,2.7209253497271044,0.965537223989064,0.0,-1.7850257671496712,83.0,142
143,1.2,0.75,0.06378046398779326,4.209774122343689,0.7168630140152614,0.75,1.788328412463951,2.7724920760988114,0.9841636636348603,0.0,0.6872820462448779,84.0,143
144,1.2,0.75,0.05669601278707034,0.0,0.720472688627892,0.0,1.6657830558927174,2.580051961306599,0.9142689054138816,0.0,-2.580051961306599,85.0,144
145,1.2,0.75,0.08544631574141485,0.0,0.7069219955538028,0.0,1.554378210562066,2.4036037892203193,0.8492255786582531,0.0,-2.4036037892203193,86.0,145
146,1.2,0.75,0.11751725336083418,0.0,0.6942980260726036,0.0,1.4529308962745962,2.2415614214230932,0.7886305251484972,0.0,-2.2415614214230932,87.0,146
147,1.2,0.7589285714285714,0.15202163741964161,0.0,0.6825251194474823,0.0,1.3543422224197732,2.0951785168789727,0.7408362944591995,0.0,-2.0951785168789727,88.0,147
148,1.2,0.8035714285714285,0.18828298883918226,0.0,0.671521030598328,0.0,1.2420512135143351,1.9698736565914503,0.7278224430771153,0.0,-1.9698736565914503,89.0,148
149,1.2,0.8482142857142856,0.22590987892430797,12.990395795498884,0.661175055511188,0.8482142857142856,1.621513463705128,2.679797271483011,1.0582838077778827,0.0,9.462384238301588,90.0,149
150,1.2,0.8928571428571428,0.0764578868975892,9.468028403435484,0.7108724517207552,0.8928571428571428,1.8332619531040766,3.124176901129591,1.290914948025514,0.0,5.450994359448751,91.0,150
151,1.2,0.9374999999999999,0.02624189562760464,0.0,0.7395016237766835,0.0,1.6630504818825844,2.920060224542685,1.2570097426601006,0.0,-2.920060224542685,92.0,151
152,1.2,0.982142857142857,0.04988044646659657,0.0,0.7241651730175307,0.0,1.510657402902742,2.7311242047272204,1.2204668018244782,0.0,-2.7311242047272204,93.0,152
153,1.2,1.0267857142857142,0.07880139790287308,0.0,0.7098210332868204,0.0,1.374049986302943,2.5557310621877627,1.1816810758848197,0.0,-2.5557310621877627,94.0,153
154,1.2,1.0714285714285712,0.11182850707064344,0.0,0.696398076027431,0.0,1.2514575755579413,2.3924729540317533,1.141015378473812,0.0,-2.3924729540317533,95.0,154
155,1.2,1.1160714285714284,0.14797080328601903,0.0,0.6838325668150793,0.0,1.1413323811173943,2.240136429796532,1.0988040486791375,0.0,-2.240136429796532,96.0,155
156,1.2,1.1607142857142856,0.18639202112318,0.0,0.6720671443896774,0.0,1.0423170062933191,2.0976729360452078,1.0553559297518889,0.0,-2.0976729360452078,97.0,156
157,1.2,1.2053571428571428,0.226385812812405,0.0,0.661049954599524,0.0,0.9532174176780231,1.964174210302922,1.010956792624899,0.0,-1.964174210302922,98.0,157
158,1.2,1.2499999999999998,0.26735553757751795,3.1489238158190047,0.6507339135790254,1.2499999999999998,0.9301887440702664,1.9758467676528477,1.0456580235825814,0.0,-0.07692295183384279,99.0,158
159,1.2,1.294642857142857,0.26902933045967864,0.0,0.6503299064790578,0.0,0.8514687996324174,1.8484880247446098,0.9970192251121924,0.0,-1.8484880247446098,100.0,159
160,1.2,1.339285714285714,0.31082203426997973,0.0,0.6406214609709453,0.0,0.7805860809603253,1.728770032139856,0.9481839511795307,0.0,-1.728770032139856,101.0,160
161,1.2,1.3839285714285712,0.3526374588109508,0.0,0.6315417864323957,0.0,0.716719708082429,1.6160898164836472,0.8993701084012182,0.0,-1.6160898164836472,102.0,161
162,1.2,1.4285714285714284,0.39411315369753325,0.0,0.6230539197491832,0.0,0.6591406385110623,1.509919333360737,0.8507786948496747,0.0,-1.509919333360737,103.0,162
163,1.2,1.4732142857142856,0.4349472610429665,0.0,0.6151236711495995,0.0,0.6072001727333898,1.4097947864296136,0.8025946136962239,0.0,-1.4097947864296136,104.0,163
164,1.2,1.5178571428571423,0.4748903064326369,0.0,0.6077192867670911,0.0,0.5603201217291035,1.3153074788951304,0.754987357166027,0.0,-1.3153074788951304,105.0,164
165,1.2,1.5624999999999998,0.5137382503784501,0.0,0.6008111592518856,0.0,0.5179843616515961,1.2260959541704513,0.7081115925188551,0.0,-1.2260959541704513,106.0,165
166,1.2,1.607142857142857,0.5513265670028935,0.0,0.5943715796606542,0.0,0.47973155080796814,1.1418392273175542,0.6621076765095861,0.0,-1.1418392273175542,107.0,166
167,1.2,1.651785714285714,0.5875251633454425,0.0,0.5883745248953309,0.0,0.4451488243345907,1.0622509446566601,0.6171021203220695,0.0,-1.0622509446566601,108.0,167
168,1.2,1.696428571428571,0.6222339897366167,3.605115270067835,0.5827954758162518,1.696428571428571,0.4526764757846105,1.1347231762258416,0.6820467004412311,0.0,0.7739635224134223,109.0,168
169,1.2,1.7410714285714282,0.596846417858617,0.0,0.5868604102827089,0.0,0.419983733497553,1.0535711623620228,0.6335874288644696,0.0,-1.0535711623620228,110.0,169
170,1.2,1.7857142857142856,0.6315357035771783,2.7678169711811234,0.5813269482955133,1.7857142857142856,0.40932785517952813,1.0548712910098146,0.6455434358302865,0.0,-0.07276860554297682,111.0,170
171,1.2,1.8303571428571423,0.633967815606991,0.0,0.580944760241191,0.0,0.38047806666056927,0.9772595437716635,0.5967814771110942,0.0,-0.9772595437716635,112.0,171
172,1.2,1.8749999999999998,0.667083211581457,0.0,0.5758120945701214,0.0,0.35442311497244733,0.9041682498139036,0.5497451348414563,0.0,-0.9041682498139036,113.0,172
173,1.2,1.919642857142857,0.6984726351803404,0.0,0.5710633117454685,0.0,0.33087558217133534,0.8353676979013769,0.5044921157300416,0.0,-0.8353676979013769,114.0,173
174,1.2,1.964285714285714,0.7281149076466034,0.0,0.5666758763573311,0.0,0.30957806442265995,0.770646224343393,0.4610681599207331,0.0,-0.770646224343393,115.0,174
175,1.2,2.008928571428571,0.7560068455028439,0.0,0.5626283646748552,0.0,0.29029992518195186,0.7098074710015185,0.4195075458195667,0.0,-0.7098074710015185,116.0,175
176,1.2,2.053571428571428,0.782160641286497,0.0,0.5589003842599313,0.0,0.27283442533844726,0.6526680470404006,0.37983362170195334,0.0,-0.6526680470404006,117.0,176
177,1.2,2.0982142857142856,0.8066015299850378,0.0,0.5554725058616098,0.0,0.2569961808185927,0.5990555452459237,0.34205936442733104,0.0,-0.5990555452459237,118.0,177
178,1.2,2.1428571428571423,0.829365705563944,0.0,0.5523262057290157,0.0,0.2426189058274559,0.5488068701110993,0.30618796428364337,0.0,-0.5488068701110993,119.0,178
179,1.2,2.1875,0.8504984584865398,0.0,0.5494438167053229,0.0,0.22955340623172568,0.5017668401062464,0.27221343387452074,0.0,-0.5017668401062464,120.0,179
180,1.2,2.2321428571428568,0.8700525102802842,2.6974551090811025,0.5468084866627481,2.2321428571428568,0.22398833073282967,0.49902195262099514,0.27503362188816544,0.0,-0.033709700682749366,121.0,180
181,1.2,2.276785714285714,0.87137415737487,0.0,0.5466314399154647,0.0,0.21241537475387104,0.4547592135220705,0.24234383876819948,0.0,-0.4547592135220705,122.0,181
182,1.2,2.321428571428571,0.8893018188330961,0.0,0.5442429986679749,0.0,0.20187727975543523,0.413487545679633,0.2116102659241977,0.0,-0.413487545679633,123.0,182
183,1.2,2.3660714285714284,0.9057609053574387,0.0,0.5420713203818424,0.0,0.19226752991000629,0.3750618099779044,0.18279428006789813,0.0,-0.3750618099779044,124.0,183
184,1.2,2.4107142857142856,0.920820967762598,11.409152805239126,0.5401014579344794,2.4107142857142856,0.30184037806975916,1.1868566295005585,0.8850162514307994,0.0,7.81158189002428,125.0,184
185,1.2,2.4553571428571423,0.6327968705127509,0.0,0.5811286737434305,0.0,0.278840970614504,1.082291558011268,0.8034505873967639,0.0,-1.082291558011268,126.0,185
186,1.2,2.4999999999999996,0.6694880965415491,0.0,0.5754443693421107,0.0,0.2583840830346331,0.9854939925084044,0.7271099094737713,0.0,-0.9854939925084044,127.0,186
187,1.2,2.5446428571428568,0.703797132026902,0.0,0.5702684555159111,0.0,0.2401656680838978,0.8959662293430208,0.655800561259123,0.0,-0.8959662293430208,128.0,187
188,1.2,2.589285714285714,0.7357333433650651,0.0,0.5655627505298658,0.0,0.22391876874808414,0.8132443489572887,0.5893255802092046,0.0,-0.8132443489572887,129.0,188
189,1.2,2.633928571428571,0.7653344631590603,0.0,0.5612915092013087,0.0,0.20940890228213388,0.7368943431041937,0.5274854408220597,0.0,-0.7368943431041937,130.0,189
190,1.2,2.678571428571428,0.7926606866702981,0.0,0.5574212658026522,0.0,0.19643003215106802,0.6665088744822474,0.4700788423311794,0.0,-0.6665088744822474,131.0,190
191,1.2,2.7232142857142856,0.8177896417468316,0.0,0.5539206939828925,0.0,0.1848010499822121,0.6017045736840515,0.4169035237018394,0.0,-0.6017045736840515,132.0,191
192,1.2,2.7678571428571423,0.8408121139792646,0.0,0.5507604808858123,0.0,0.1743627010283113,0.5421197910055573,0.36775708997724604,0.0,-0.5421197910055573,133.0,192
193,1.2,2.8124999999999996,0.8618284266359739,0.0,0.5479132130759091,0.0,0.16497489606151328,0.48741273142787694,0.32243783536636367,0.0,-0.48741273142787694,134.0,193
194,1.2,2.8571428571428568,0.8809453894285424,0.0,0.5453532722595862,0.0,0.15651436045573794,0.4372599103453133,0.2807455498895754,0.0,-0.4372599103453133,135.0,194
195,1.2,2.901785714285714,0.8982737420457875,0.0,0.5430567391170162,0.0,0.14887257778176324,0.3913548756692072,0.24248229788744394,0.0,-0.3913548756692072,136.0,195
196,1.1972222222222224,2.946428571428571,0.9139260282157122,8.671931078782942,0.5410013038456444,2.946428571428571,0.19803385868285253,0.9725385857706279,0.7745047270877754,0.0,4.752963921583743,137.0,196
197,1.1833333333333333,2.991071428571428,0.7329801539163318,0.0,0.5659643496522817,0.0,0.18392410568716752,0.8723845133165595,0.688460407629392,0.0,-0.8723845133165595,138.0,197
198,1.1694444444444445,3.0,0.7646977933748708,0.0,0.5613824982167955,0.0,0.1745513131871115,0.7770952789495852,0.6025439657624737,0.0,-0.7770952789495852,139.0,198
199,1.1555555555555557,3.0,0.7935166908827066,0.0,0.5573011154492031,0.0,0.16704779280696783,0.6912292094316674,0.5241814166246996,0.0,-0.6912292094316674,140.0,199
200,1.1416666666666668,3.0,0.819599160643253,0.0,0.5536707099374822,0.0,0.16046636892535815,0.6149439997250167,0.4544776307996585,0.0,-0.6149439997250167,141.0,200
201,1.1277777777777778,3.0,0.8431576305476449,0.0,0.5504409620397668,0.0,0.15468586607019869,0.5471523372337204,0.3924664711635216,0.0,-0.5471523372337204,142.0,201
202,1.113888888888889,3.0,0.8643996372339788,9.807076051496136,0.5475672627895897,3.0,0.21671230197500257,1.2404315846607854,1.0237192826857828,0.0,5.56664446683535,143.0,202
203,1.1,3.0,0.6606188653518421,0.0,0.5768038408717081,0.0,0.20387533518896667,1.1025090799257617,0.8986337447367951,0.0,-1.1025090799257617,144.0,203
204,1.0861111111111112,3.0,0.6988067046325991,0.0,0.5710133520065518,0.0,0.1926871107932202,0.980143469319014,0.7874563585257938,0.0,-0.980143469319014,145.0,204
205,1.0722222222222224,3.0,0.7336570736289451,0.0,0.5658655396676914,0.0,0.18291894932104263,0.8715373109407165,0.6886183616196738,0.0,-0.8715373109407165,146.0,205
206,1.0583333333333333,3.0,0.7653580585002911,21.120072592466563,0.5612881378245154,3.0,0.37753460604258327,2.8055010632783093,2.4279664572357262,0.0,15.314571529188253,147.0,206
207,1.0444444444444445,3.0,0.3059337172110847,0.0,0.6417218118223529,0.0,0.342801151168749,2.487859938157924,2.145058786989175,0.0,-2.487859938157924,148.0,207
208,1.0305555555555557,3.0,0.36648339196267754,0.0,0.6286553205505151,0.0,0.31294919481040495,2.207131349380294,1.8941821545698891,0.0,-2.207131349380294,149.0,208
209,1.0166666666666668,3.0,0.42477418258530675,0.0,0.6170632441357026,0.0,0.2872354810290894,1.9588497684345783,1.671614287405489,0.0,-1.9588497684345783,150.0,209
210,1.0027777777777778,3.0,0.4801094808447476,0.0,0.6067751676208151,0.0,0.26503812207773975,1.7391213403973886,1.4740832183196488,0.0,-1.7391213403973886,151.0,210
211,0.9888888888888889,3.0,0.5320761371791256,0.0,0.5976411269674674,0.0,0.24583568419855714,1.544545321973931,1.2987096377753737,0.0,-1.544545321973931,152.0,211
212,0.9750000000000001,3.0,0.5804671125282002,0.0,0.5895290191839909,0.0,0.2291900279358989,1.372147196268524,1.1429571683326252,0.0,-1.372147196268524,153.0,212
213,0.9611111111111111,3.0,0.6252231660285721,0.0,0.5823223637414041,0.0,0.21473220358311051,1.219321587418069,1.0045893838349584,0.0,-1.219321587418069,154.0,213
214,0.9472222222222223,3.0,0.6663890276962201,0.0,0.5759183638074857,0.0,0.20215083821876248,1.0837834233224881,0.8816325851037256,0.0,-1.0837834233224881,155.0,214
215,0.9333333333333333,3.0,0.704080593696992,32.616036907977694,0.5702262239791113,3.0,0.5551720198235905,4.314006636993387,3.7588346171697964,0.0,25.302030270984307,156.0,215
216,0.9194444444444445,3.0,0.09458075705593348,0.0,0.7031150384275583,0.0,0.49462270877972697,3.818431446588846,3.323808737809119,0.0,-3.818431446588846,157.0,216
217,0.9055555555555557,3.0,0.15035703768175618,0.0,0.6830602514181631,0.0,0.4430089392565033,3.381765766485233,2.93875682722873,0.0,-3.381765766485233,158.0,217
218,0.8916666666666667,3.0,0.21050156336889259,0.0,0.665298876594186,0.0,0.39890821700959894,2.9966466476179687,2.59773843060837,0.0,-2.9966466476179687,159.0,218
219,0.8777777777777778,3.0,0.2722327203115538,0.0,0.6495601862180411,0.0,0.3611390871975248,2.656694662583914,2.295555575386389,0.0,-2.656694662583914,160.0,219
220,0.8638888888888889,3.0,0.3335896094877161,0.0,0.6356069579481676,0.0,0.32871823888709256,2.3563718314919093,2.0276535926048167,0.0,-2.3563718314919093,161.0,220
221,0.8500000000000001,3.0,0.39322403149555024,0.0,0.6232310554718445,0.0,0.30082557287921297,2.0908618379386277,1.7900362650594146,0.0,-2.0908618379386277,162.0,221
222,0.8361111111111111,3.0,0.4502429418450654,0.0,0.6122496382557803,0.0,0.27677568888049886,1.8559687433914795,1.5791930545109807,0.0,-1.8559687433914795,163.0,222
223,0.8222222222222222,3.0,0.5040891895469735,0.0,0.6025019032589762,0.0,0.255994562302918,1.6480311048752612,1.392036542572343,0.0,-1.6480311048752612,164.0,223
224,0.8083333333333333,3.0,0.5544513331697153,0.0,0.5938462777081608,0.0,0.23800042788373993,1.4638489598804265,1.2258485319966865,0.0,-1.4638489598804265,165.0,224
225,0.7944444444444445,3.0,0.6011955642314173,2.519276307306619,0.5861579953558477,2.519276307306619,0.22238808204290672,1.3006215928751814,1.0782335108322747,0.0,-1.3006215928751814,166.0,225
226,0.7805555555555557,3.0,0.6443144494650523,15.42762772897614,0.5793269995949486,3.0,0.3494933495236858,2.549777899290512,2.200284549766826,0.0,9.877849829685626,167.0,226
227,0.7666666666666667,3.0,0.354232266513449,27.894170710689632,0.6312064629861547,3.0,0.656567787469345,5.110068419057931,4.453500631588586,0.0,19.7841022916317,168.0,227
228,0.7527777777777778,3.0,0.03223523890528429,0.0,0.7351145632573296,0.0,0.5808076871951058,4.519007301735833,3.9381996145407276,0.0,-4.519007301735833,169.0,228
229,0.7388888888888889,3.0,0.07533865290822551,0.0,0.7113802812103978,0.0,0.5164400096844497,3.998941408924086,3.4825013992396365,0.0,-3.998941408924086,170.0,229
230,0.7250000000000001,3.0,0.1285152588399281,0.0,0.6903774376761326,0.0,0.461620742734407,3.540867546116152,3.079246803381745,0.0,-3.540867546116152,171.0,230
231,0.7111111111111111,3.0,0.1873835559072695,0.0,0.671780444261657,0.0,0.4148228173020709,3.1370073471258837,2.7221845298238128,0.0,-3.1370073471258837,172.0,231
232,0.6972222222222222,3.0,0.24878322281001294,0.0,0.6553045653376764,0.0,0.3747789356425246,2.7806265901259115,2.405847654483387,0.0,-2.7806265901259115,173.0,232
233,0.6833333333333333,3.0,0.31046990501673627,0.0,0.6407004340870152,0.0,0.340435173327742,2.4658835077984325,2.1254483344706903,0.0,-2.4658835077984325,174.0,233
234,0.6694444444444445,3.0,0.37088409253993954,0.0,0.627749365243536,0.0,0.31091322939528654,2.1877010420711764,1.8767878126758901,0.0,-2.1877010420711764,175.0,234
235,0.6555555555555556,3.0,0.4289760662821544,0.0,0.6162593387620697,0.0,0.285479639963932,1.9416589441956704,1.6561793042317383,0.0,-1.9416589441956704,176.0,235
236,0.6416666666666667,3.0,0.48407334915904565,0.0,0.6060615501896135,0.0,0.2635206153462566,1.723902378986835,1.4603817636405785,0.0,-1.723902378986835,177.0,236
237,0.6277777777777778,3.0,0.535780426060338,0.0,0.5970074410562792,0.0,0.2445214311178235,1.531064299398384,1.2865428682805606,0.0,-1.531064299398384,178.0,237
238,0.6138888888888889,3.0,0.5839029892306493,0.0,0.5889661369628003,0.0,0.22804951657604747,1.360199346261813,1.1321498296857655,0.0,-1.360199346261813,179.0,238
239,0.6,3.0,0.6283908383870255,0.0,0.581822232833274,0.0,0.21374055236520878,1.2087274227640679,0.9949868703988591,0.0,-1.2087274227640679,180.0,239
