,kc,LAI,stress,R,s,I,E,ET,T,L,dsdt,dos,doy
60,0.3,0.75,1.0,0.0,0.47767688140956005,0.0,0.14009208231108114,0.14009208231108114,0.0,0.0,-0.14009208231108114,1.0,60
61,0.3,0.75,1.0,0.0,0.4769411036663296,0.0,0.1374199406233918,0.1374199406233918,0.0,0.0,-0.1374199406233918,2.0,61
62,0.3,0.75,1.0,0.0,0.4762193602807025,0.0,0.1348154869738607,0.1348154869738607,0.0,0.0,-0.1348154869738607,3.0,62
63,0.3,0.75,1.0,0.0,0.4755112957482768,0.0,0.1322765876193384,0.1322765876193384,0.0,0.0,-0.1322765876193384,4.0,63
64,0.3,0.75,1.0,0.0,0.47481656577128445,0.0,0.1298011891494181,0.1298011891494181,0.0,0.0,-0.1298011891494181,5.0,64
65,0.3,0.75,1.0,0.0,0.4741348368366762,0.0,0.12738731497535463,0.12738731497535463,0.0,0.0,-0.12738731497535463,6.0,65
66,0.3,0.75,1.0,0.0,0.473465785812646,0.0,0.1250330619934714,0.1250330619934714,0.0,0.0,-0.1250330619934714,7.0,66
67,0.3,0.75,1.0,0.0,0.47280909956268025,0.0,0.12273659741335319,0.12273659741335319,0.0,0.0,-0.12273659741335319,8.0,67
68,0.3,0.75,1.0,0.0,0.4721644745762656,0.0,0.120496155741716,0.120496155741716,0.0,0.0,-0.120496155741716,9.0,68
69,0.3,0.75,1.0,0.04923933846892856,0.47153161661543724,0.04923933846892856,0.11831003591339949,0.11831003591339949,0.0,0.0,-0.11831003591339949,10.0,69
70,0.3,0.75,1.0,0.0,0.4709102403763963,0.0,0.11617659856145367,0.11617659856145367,0.0,0.0,-0.11617659856145367,11.0,70
71,0.3,0.75,1.0,0.0,0.4703000691654643,0.0,0.11409426341876781,0.11409426341876781,0.0,0.0,-0.11409426341876781,12.0,71
72,0.3,0.75,1.0,0.0,0.46970083458868506,0.0,0.11206150684414933,0.11206150684414933,0.0,0.0,-0.11206150684414933,13.0,72
73,0.3,0.75,1.0,0.0,0.4691122762544196,0.0,0.11007685946617926,0.11007685946617926,0.0,0.0,-0.11007685946617926,14.0,73
74,0.3,0.75,1.0,0.0,0.46853414148831574,0.0,0.10813890393856795,0.10813890393856795,0.0,0.0,-0.10813890393856795,15.0,74
75,0.3,0.75,1.0,0.0,0.46796618506006693,0.0,0.10624627280110402,0.10624627280110402,0.0,0.0,-0.10624627280110402,16.0,75
76,0.3,0.75,1.0,0.0,0.4674081689214057,0.0,0.10439764644063698,0.10439764644063698,0.0,0.0,-0.10439764644063698,17.0,76
77,0.3,0.75,1.0,0.0,0.4668598619548057,0.0,0.1025917511468533,0.1025917511468533,0.0,0.0,-0.1025917511468533,18.0,77
78,0.3,0.75,1.0,0.0,0.4663210397323958,0.0,0.10082735725791592,0.10082735725791592,0.0,0.0,-0.10082735725791592,19.0,78
79,0.3,0.75,1.0,0.0,0.46579148428461264,0.0,0.09910327739131397,0.09910327739131397,0.0,0.0,-0.09910327739131397,20.0,79
80,0.3,0.75,1.0,0.0,0.46527098387814564,0.0,0.0974183647555407,0.0974183647555407,0.0,0.0,-0.0974183647555407,21.0,80
81,0.3,0.75,1.0,0.0,0.4647593328027489,0.0,0.09577151153846414,0.09577151153846414,0.0,0.0,-0.09577151153846414,22.0,81
82,0.3,0.75,1.0,0.0,0.4642563311665175,0.0,0.09416164736848932,0.09416164736848932,0.0,0.0,-0.09416164736848932,23.0,82
83,0.3,0.75,1.0,0.0,0.463761784699246,0.0,0.09258773784483199,0.09258773784483199,0.0,0.0,-0.09258773784483199,24.0,83
84,0.3,0.75,1.0,0.0,0.46327550456350636,0.0,0.09104878313342767,0.09104878313342767,0.0,0.0,-0.09104878313342767,25.0,84
85,0.3,0.75,1.0,0.0,0.4627973071730997,0.0,0.08954381662519333,0.08954381662519333,0.0,0.0,-0.08954381662519333,26.0,85
86,0.3,0.75,1.0,0.0,0.4623270140185556,0.0,0.08807190365354206,0.08807190365354206,0.0,0.0,-0.08807190365354206,27.0,86
87,0.3,0.75,1.0,0.0,0.46186445149936683,0.0,0.08663214026821998,0.08663214026821998,0.0,0.0,-0.08663214026821998,28.0,87
88,0.30357142857142855,0.75,1.0,0.0,0.461409450762664,0.0,0.08522365206269457,0.08522365206269457,0.0,0.0,-0.08522365206269457,29.0,88
89,0.3214285714285714,0.75,1.0,0.0,0.460961847548049,0.0,0.08384559305247775,0.08384559305247775,0.0,0.0,-0.08384559305247775,30.0,89
90,0.33928571428571425,0.75,1.0,0.0,0.46052148203831955,0.0,0.08249714460190308,0.08249714460190308,0.0,0.0,-0.08249714460190308,31.0,90
91,0.3571428571428571,0.75,1.0,15.919103291227009,0.46008819871583057,0.75,0.4191475863384045,0.46598530886078615,0.04683772252238167,0.0,14.703117982366223,32.0,91
92,0.37499999999999994,0.75,0.9423714282983789,6.502619999306202,0.5373104570265775,0.75,0.5730652311958643,0.753179458519391,0.18011422732352678,0.0,4.999440540786812,33.0,92
93,0.3928571428571428,0.75,0.7494848114376678,9.838610015478423,0.5635680228920545,0.75,0.8462355934706199,1.2364867255914336,0.3902511321208136,0.0,7.85212328988699,34.0,93
94,0.41071428571428564,0.75,0.491074857963938,0.0,0.604808166221293,0.0,0.8035125644326278,1.1625917622948339,0.3590791978622061,0.0,-1.1625917622948339,35.0,94
95,0.4285714285714285,0.75,0.5259027577968879,9.14495314323361,0.5987021170495764,0.75,1.0635649111364494,1.604972547173583,0.5414076360371336,0.0,6.789980596060028,36.0,95
96,0.4464285714285714,0.75,0.3393585379411868,0.0,0.6343637798440094,0.0,1.0037788599916402,1.5047250032428852,0.5009461432512449,0.0,-1.5047250032428852,37.0,96
97,0.4642857142857142,0.75,0.3771885141110077,0.0,0.6264608123900026,0.0,0.9487840680316607,1.411795967503673,0.46301189947201243,0.0,-1.411795967503673,38.0,97
98,0.4821428571428571,0.75,0.41449946624574324,0.0,0.6190459176026935,0.0,0.8981334006374925,1.325553805130421,0.42742040449292845,0.0,-1.325553805130421,39.0,98
99,0.4999999999999999,0.75,0.4511326613542915,3.2707790567037796,0.6120839753488572,0.75,0.9409541958519491,1.3985063293761386,0.45755213352418944,0.0,1.122272727327641,40.0,99
100,0.5178571428571428,0.75,0.42001668240444207,0.0,0.617978264883141,0.0,0.8909169182391465,1.3132125896782232,0.4222956714390767,0.0,-1.3132125896782232,41.0,100
101,0.5357142857142856,0.75,0.4565373005578313,0.0,0.611081139937352,0.0,0.8447684211353192,1.2339578928346089,0.3891894716992896,0.0,-1.2339578928346089,42.0,101
102,0.5535714285714285,0.75,0.4922410521142627,0.0,0.604600268651456,0.0,0.8021570941276365,1.160238383654625,0.35808128952698864,0.0,-1.160238383654625,43.0,102
103,0.5714285714285714,0.75,0.5270377860176727,0.0,0.5985065796616733,0.0,0.7627676724062641,1.091599254782296,0.3288315823760318,0.0,-1.091599254782296,44.0,103
104,0.5892857142857142,0.75,0.5608608540861584,0.0,0.5927733902983209,0.0,0.7263170157634503,1.0276292891953904,0.30131227343194006,0.0,-1.0276292891953904,45.0,104
105,0.607142857142857,0.75,0.5936629910185101,31.9767089310645,0.5873761776449837,0.75,1.9293201997439449,2.9919538086851905,1.0626336089412454,0.0,28.234755122379312,46.0,105
106,0.6249999999999999,0.75,0.03144527810238489,0.0,0.7356679587499171,0.0,1.793728417034984,2.780934619034586,0.9872062019996019,0.0,-2.780934619034586,47.0,106
107,0.6428571428571428,0.75,0.05557861000645869,0.0,0.7210622097003657,0.0,1.6706878064717379,2.587786413033493,0.9170986065617552,0.0,-2.587786413033493,48.0,107
108,0.6607142857142856,0.75,0.08416753830047663,0.0,0.7074708945058621,0.0,1.558840770986805,2.410701064614943,0.8518602936281379,0.0,-2.410701064614943,49.0,108
109,0.6785714285714284,0.75,0.11611833331491309,0.0,0.6948096494185987,0.0,1.4569978224776503,2.2480841396869238,0.7910863172092736,0.0,-2.2480841396869238,50.0,109
110,0.6964285714285713,0.75,0.15053628721936357,8.583552591663851,0.6830024848194026,0.75,1.6964152058240303,2.6283116520747387,0.9318964462507084,0.0,5.205240939589112,51.0,110
111,0.7142857142857142,0.75,0.07763816509172163,0.0,0.7103409351323706,0.0,1.5822435811208624,2.4478800697562413,0.8656364886353788,0.0,-2.4478800697562413,52.0,111
112,0.732142857142857,0.75,0.10894112937776619,0.0,0.6974844221609617,0.0,1.4783213402228954,2.2822465665955116,0.8039252263726162,0.0,-2.2822465665955116,53.0,112
113,0.7499999999999999,0.75,0.14289055292984051,0.0,0.6854978330506912,0.0,1.3835740464416015,2.1299636450849193,0.7463895986433178,0.0,-2.1299636450849193,54.0,113
114,0.7678571428571428,0.75,0.1787224691377375,0.0,0.6743110492004553,0.0,1.2970561583186833,1.9897491944808685,0.6926930361621851,0.0,-1.9897491944808685,55.0,114
115,0.7857142857142856,0.75,0.21581344490476637,0.0,0.6638606857840641,0.0,1.2179336278745876,1.8604649196380951,0.6425312917635075,0.0,-1.8604649196380951,56.0,115
116,0.8035714285714284,0.75,0.2536559232657377,0.0,0.6540893364162169,0.0,1.1454691082997481,1.7410979230975892,0.595628814797841,0.0,-1.7410979230975892,57.0,116
117,0.8214285714285712,0.75,0.2918380176892856,0.0,0.6449449145512086,0.0,1.079009341304619,1.63074493115042,0.5517355898458012,0.0,-1.63074493115042,58.0,117
118,0.8392857142857142,0.75,0.33002691317492294,7.466649461114326,0.6363800777279396,0.75,1.2768015981319234,1.9567532685650497,0.6799516704331264,0.0,4.7598961925492755,59.0,118
119,0.857142857142857,0.75,0.2251330448799693,0.0,0.6613795325207404,0.0,1.19939324449334,1.830015000592894,0.630621756099554,0.0,-1.830015000592894,60.0,119
120,0.875,0.75,0.263094685097271,0.0,0.6517681091982988,0.0,1.1284737266191545,1.7129606507709885,0.5844869241518339,0.0,-1.7129606507709885,61.0,120
121,0.8928571428571428,0.75,0.30130672376074313,0.0,0.6427714671249217,0.0,1.0634088813705143,1.6047119235701384,0.5413030421996241,0.0,-1.6047119235701384,62.0,121
122,0.9107142857142856,0.75,0.33945371642206296,0.0,0.6343433582826415,0.0,1.0036354245424102,1.5044835442990894,0.5008481197566793,0.0,-1.5044835442990894,63.0,122
123,0.9285714285714284,0.75,0.37728262547357455,0.0,0.6264416589953564,0.0,0.948652042873903,1.4115720060516137,0.46291996317771067,0.0,-1.4115720060516137,64.0,123
124,0.9464285714285714,0.75,0.41459206315745534,0.0,0.6190279404761778,0.0,0.8980117290146762,1.3253458433003296,0.4273341142856534,0.0,-1.3253458433003296,65.0,124
125,0.9642857142857142,0.75,0.4512233937113289,0.0,0.6120670904588441,0.0,0.8513151689220545,1.245237203124506,0.3939220342024516,0.0,-1.245237203124506,66.0,125
126,0.982142857142857,0.75,0.4870533603632959,0.0,0.6055269790978961,0.0,0.8082050229447642,1.1707345226146653,0.36252949966990117,0.0,-1.1707345226146653,67.0,126
127,0.9999999999999998,0.75,0.5219879661250694,0.0,0.5993781633278611,0.0,0.7683609679097027,1.1013761518834357,0.3330151839737331,0.0,-1.1013761518834357,68.0,127
128,1.0178571428571428,0.75,0.5559573879501095,0.0,0.593593624715028,0.0,0.7314953889699403,1.0367447876020743,0.30524939863213413,0.0,-1.0367447876020743,69.0,128
129,1.0357142857142856,0.75,0.5889117444781304,0.0,0.588148536544849,0.0,0.6973496276732567,0.9764626030885317,0.2791129754152751,0.0,-0.9764626030885317,70.0,129
130,1.0535714285714284,0.75,0.6208175703446074,0.809280321361698,0.5830200564866109,0.75,0.6675986862591493,0.9235894192779499,0.25599073301880054,0.0,-0.8643090979162519,71.0,130
131,1.0714285714285712,0.75,0.6497609814874986,20.49537656646572,0.5784806179471348,0.75,1.357761562021323,2.0882511306835125,0.7304895686621895,0.0,17.657125435782206,72.0,131
132,1.0892857142857142,0.75,0.1893376946976797,0.0,0.671217621286327,0.0,1.2734622756725875,1.951306857846957,0.6778445821743695,0.0,-1.951306857846957,73.0,132
133,1.107142857142857,0.75,0.2266934505154089,7.2287251918371656,0.6609691608984753,0.75,1.458480704054475,2.2504618828840597,0.7919811788295849,0.0,4.228263308953106,74.0,133
134,1.1249999999999998,0.75,0.1499968711669962,22.446799321252765,0.6831764261765904,0.75,2.342329078083173,3.5423290780831733,1.2,0.0,18.15447024316959,75.0,134
135,1.1428571428571428,0.75,3.478477161324001e-05,0.0,0.7785255345965987,0.0,2.1711562226737255,3.364078788737399,1.1929225660636735,0.0,-3.364078788737399,76.0,135
136,1.1607142857142856,0.75,0.005863238372445277,0.0,0.760857053563314,0.0,2.012655126925274,3.120768984029181,1.108113857103907,0.0,-3.120768984029181,77.0,136
137,1.1785714285714284,0.75,0.020202119257201948,0.0,0.7444664601597994,0.0,1.8692425213593733,2.89868153012641,1.029439008767037,0.0,-2.89868153012641,78.0,137
138,1.1964285714285712,0.75,0.041221517996180394,0.0,0.7292422924595557,0.0,1.7392389857371318,2.695601989542999,0.9563630038058674,0.0,-2.695601989542999,79.0,138
139,1.2,0.75,0.06742389934796732,1.7262235940083097,0.7150847189850652,0.75,1.6636152207582076,2.5766325507270658,0.9130173299688582,0.0,-1.600408956718756,80.0,139
140,1.2,0.75,0.08601501250597152,0.0,0.7066792097586011,0.0,1.5524057174522414,2.4004659242935267,0.8480602068412851,0.0,-2.4004659242935267,81.0,140
141,1.2,0.75,0.11813870704417219,0.0,0.6940717206604208,0.0,1.4511331894065744,2.238677448576594,0.7875442591700196,0.0,-2.238677448576594,82.0,141
142,1.2,0.75,0.1526809955997296,0.0,0.6823139609515101,0.0,1.3587609081115235,2.089867920678772,0.7311070125672483,0.0,-2.089867920678772,83.0,142
143,1.2,0.75,0.1889197049058607,0.0,0.6713377638891216,0.0,1.274375917971001,1.9527971846387846,0.6784212666677835,0.0,-1.9527971846387846,84.0,143
144,1.2,0.75,0.22626584501682137,0.0,0.6610814761546742,0.0,1.19717240740141,1.826363492943846,0.6291910855424359,0.0,-1.826363492943846,85.0,144
145,1.2,0.75,0.2642402843181858,0.0,0.6514892309186245,0.0,1.1264375613022277,1.7095858697116255,0.5831483084093977,0.0,-1.7095858697116255,86.0,145
146,1.2,0.75,0.30245462214488894,0.9615355833708938,0.6425103135356853,0.75,1.0694998917009033,1.6148822265050722,0.545382334804169,0.0,-1.4033466431341783,87.0,146
147,1.2,0.7589285714285714,0.3357516617870266,0.0,0.6351397954519974,0.0,1.0047389718080868,1.5154179782892168,0.51067900648113,0.0,-1.5154179782892168,88.0,147
148,1.2,0.8035714285714285,0.37365997458875133,0.0,0.6271806674147641,0.0,0.9285427199387893,1.428329009500433,0.49978628956164367,0.0,-1.428329009500433,89.0,148
149,1.2,0.8482142857142856,0.41124547942900413,0.0,0.6196789394236903,0.0,0.8591764536391335,1.3460049819391666,0.48682852830003304,0.0,-1.3460049819391666,90.0,149
150,1.2,0.8928571428571428,0.4483128137193463,0.0,0.612609585526951,0.0,0.7959884136079397,1.2680431880476595,0.47205477443971977,0.0,-1.2680431880476595,91.0,150
151,1.2,0.9374999999999999,0.48469613965725505,0.0,0.6059496948334234,0.0,0.7383954856255742,1.1940936546261145,0.45569816900054033,0.0,-1.1940936546261145,92.0,151
152,1.2,0.982142857142857,0.520255256352034,0.0,0.5996781945465216,0.0,0.6858747536277017,1.1238519764915513,0.43797722286384977,0.0,-1.1238519764915513,93.0,152
153,1.2,1.0267857142857142,0.5548723711016693,0.0,0.5937756106363768,0.0,0.637956279025406,1.0570531489215964,0.4190968698961905,0.0,-1.0570531489215964,94.0,153
154,1.2,1.0714285714285712,0.5884494004211308,0.0,0.5882238609046457,0.0,0.5942169043487575,0.993466236266328,0.39924933191757045,0.0,-0.993466236266328,95.0,154
155,1.2,1.1160714285714284,0.620905697169567,0.0,0.5830060760503057,0.0,0.5542749155010219,0.932889744431777,0.37861482893075504,0.0,-0.932889744431777,96.0,155
156,1.2,1.1607142857142856,0.6521761205525456,0.0,0.5781064450396346,0.0,0.5177854261332278,0.8751475892847989,0.35736216315157104,0.0,-0.8751475892847989,97.0,156
157,1.2,1.2053571428571428,0.6822093820795081,0.0,0.5735100816505337,0.0,0.48443637134243284,0.82008557264655,0.3356492013041172,0.0,-0.82008557264655,98.0,157
158,1.2,1.2499999999999998,0.7109666136416541,0.0,0.5692029095252893,0.0,0.4539450171925858,0.7675682933948998,0.31362327620231406,0.0,-0.7675682933948998,99.0,158
159,1.2,1.294642857142857,0.7384201144321016,0.0,0.5651715634465345,0.0,0.4260549083354082,0.7174764340352654,0.2914215256998572,0.0,-0.7174764340352654,100.0,159
160,1.2,1.339285714285714,0.7645522419871881,0.0,0.5614033048644165,0.0,0.40053318896003043,0.6697043735121713,0.2691711845521409,0.0,-0.6697043735121713,101.0,160
161,1.2,1.3839285714285712,0.7893544195919681,0.0,0.5578859499615164,0.0,0.37716824296682055,0.6241580854831085,0.24698984251628792,0.0,-0.6241580854831085,102.0,161
162,1.2,1.4285714285714284,0.8128262379785619,0.0,0.5546078087562479,0.0,0.3557676080720376,0.5807532881291613,0.22498568005712366,0.0,-0.5807532881291613,103.0,162
163,1.2,1.4732142857142856,0.8349746338970746,0.0,0.5515576339236368,0.0,0.3361561258464436,0.5394138171264471,0.20325769128000354,0.0,-0.5394138171264471,104.0,163
164,1.2,1.5178571428571423,0.8558131319458245,0.0,0.5487245781614181,0.0,0.31817429574519174,0.5000701978846811,0.18189590213948942,0.0,-0.5000701978846811,105.0,164
165,1.2,1.5624999999999998,0.8753611391602528,0.0,0.5460981590548809,0.0,0.30167680621700643,0.4626583967658152,0.16098159054880876,0.0,-0.4626583967658152,106.0,165
166,1.2,1.607142857142857,0.8936432843967017,0.0,0.5436682305004386,0.0,0.2865312201648335,0.42711873388362975,0.14058751371879627,0.0,-0.42711873388362975,107.0,166
167,1.2,1.651785714285714,0.9106887966029881,0.0,0.5414249598392851,0.0,0.2726167955118327,0.3933949423842746,0.12077814687244186,0.0,-0.3933949423842746,108.0,167
168,1.2,1.696428571428571,0.9265309177189975,0.0,0.5393588099318046,0.0,0.2598234245239703,0.3614333609264202,0.10160993640244992,0.0,-0.3614333609264202,109.0,168
169,1.2,1.7410714285714282,0.9412063472601104,0.0,0.5374605254731575,0.0,0.2480506779511406,0.3311822475091808,0.08313156955804016,0.0,-0.3311822475091808,110.0,169
170,1.2,1.7857142857142856,0.9547547166564366,0.0,0.5357211229127101,0.0,0.23720694205387208,0.30259120391341604,0.06538426185954396,0.0,-0.30259120391341604,111.0,170
171,1.2,1.8303571428571423,0.9672180921955522,0.0,0.5341318833963582,0.0,0.22720863825028959,0.27561070089334244,0.04840206264305285,0.0,-0.27561070089334244,112.0,171
172,1.2,1.8749999999999998,0.9786405059836387,13.45793904154782,0.5326843482025907,1.8749999999999998,0.4165251836154759,1.1787545285306695,0.7622293449151937,0.0,10.404184513017151,113.0,172
173,1.2,1.919642857142857,0.5939589179176951,0.0,0.5873281744264203,0.0,0.38572680994689573,1.090044381471487,0.7043175715245914,0.0,-1.090044381471487,114.0,173
174,1.2,1.964285714285714,0.6297809524585877,0.0,0.5816031514144901,0.0,0.3580196647159787,1.0067449967838544,0.6487253320678756,0.0,-1.0067449967838544,115.0,174
175,1.2,2.008928571428571,0.6637971927924883,0.0,0.5763156251708774,0.0,0.33307470933023836,0.9285613186700905,0.5954866093398521,0.0,-0.9285613186700905,116.0,175
176,1.2,2.053571428571428,0.6959648702639457,0.0,0.5714387274887867,0.0,0.31059855004764425,0.8552218256145541,0.5446232755669098,0.0,-0.8552218256145541,117.0,176
177,1.2,2.0982142857142856,0.7262651823623204,9.885233968594042,0.5669470162198027,2.0982142857142856,0.4196141997460399,1.4649644155970583,1.0453502158510184,0.0,6.322055267282698,118.0,177
178,1.2,2.1428571428571423,0.5175300983512705,0.0,0.6001510880017497,0.0,0.3853995329185923,1.347471596942587,0.9620720640239946,0.0,-1.347471596942587,119.0,178
179,1.2,2.1875,0.5590610844201344,0.0,0.5930740312951184,0.0,0.35490297592266384,1.2379394140543205,0.8830364381316568,0.0,-1.2379394140543205,120.0,179
180,1.2,2.2321428571428568,0.5986287198258377,0.0,0.5865722486582785,0.0,0.32769640451596693,1.1358713853485165,0.8081749808325496,0.0,-1.1358713853485165,121.0,180
181,1.2,2.276785714285714,0.6361240455608139,0.0,0.5806065376007757,0.0,0.303402014148935,1.0408115620459524,0.7374095478970174,0.0,-1.0408115620459524,122.0,181
182,1.2,2.321428571428571,0.6714813214982046,20.356551346786095,0.5751400903211227,2.321428571428571,0.5757458940000258,2.6537011619621533,2.0779552679621274,0.0,15.381421613395368,123.0,182
183,1.2,2.3660714285714284,0.24631421527466768,0.0,0.6559248677024009,0.0,0.5165900820698018,2.423452364420443,1.9068622823506411,0.0,-2.423452364420443,124.0,183
184,1.2,2.4107142857142856,0.29944249856111976,0.0,0.6431966515027137,0.0,0.46486079722608226,2.2113234204108068,1.7464626231847244,0.0,-2.2113234204108068,125.0,184
185,1.2,2.4553571428571423,0.3524437938735491,0.0,0.6315825579081191,0.0,0.4195822736103062,2.015879612166463,1.5962973385561567,0.0,-2.015879612166463,126.0,185
186,1.2,2.4999999999999996,0.40452166986056476,0.0,0.6209949549030431,0.0,0.37991023920971995,1.8358295176584094,1.4559192784486894,0.0,-1.8358295176584094,127.0,186
187,1.2,2.5446428571428568,0.4550690067079936,0.0,0.6113529931506355,0.0,0.3451136051263241,1.6700052078652445,1.3248916027389204,0.0,-1.6700052078652445,128.0,187
188,1.2,2.589285714285714,0.5036345894684024,0.0,0.6025819573950407,0.0,0.31455884783794796,1.5173455703843366,1.2027867225463886,0.0,-1.5173455703843366,129.0,188
189,1.2,2.633928571428571,0.5498951836906091,0.0,0.5946127054497449,0.0,0.2876966508423782,1.3768822569952197,1.0891856061528415,0.0,-1.3768822569952197,130.0,189
190,1.2,2.678571428571428,0.5936321509843758,0.0,0.5873811809907363,0.0,0.2640504503701024,1.2477278387827244,0.9836773884126221,0.0,-1.2477278387827244,131.0,190
191,1.2,2.7232142857142856,0.6347118422559013,5.748699395001832,0.5808279885601548,2.7232142857142856,0.2801267616440545,1.4429286554009604,1.162801893756906,0.0,1.5825564538865864,132.0,191
192,1.2,2.7678571428571423,0.582842254283522,0.0,0.5891397346414919,0.0,0.2565117666326566,1.3041299231390844,1.0476181565064278,0.0,-1.3041299231390844,133.0,192
193,1.2,2.8124999999999996,0.6254259267537101,0.0,0.5822903127762656,0.0,0.23576734180659858,1.1769929717793794,0.9412256299727808,0.0,-1.1769929717793794,134.0,193
194,1.2,2.8571428571428568,0.6651470717404621,0.0,0.5761086270001134,0.0,0.21751591271856052,1.0606450921492057,0.8431291794306452,0.0,-1.0606450921492057,135.0,194
195,1.2,2.901785714285714,0.7019891905342722,0.0,0.5705380120203382,0.0,0.20143079620049278,0.9542795908639151,0.7528487946634224,0.0,-0.9542795908639151,136.0,195
196,1.1972222222222224,2.946428571428571,0.7359852765496429,0.0,0.5655260393792462,0.0,0.1872292062124424,0.8571488059353696,0.6699195997229271,0.0,-0.8571488059353696,137.0,196
197,1.1833333333333333,2.991071428571428,0.7672063638095618,0.0,0.5610242074152999,0.0,0.17466623520426375,0.7685582057257183,0.5938919705214546,0.0,-0.7685582057257183,138.0,197
198,1.1694444444444445,3.0,0.7957520448538757,0.0,0.5569876622171607,0.0,0.16647607377086307,0.6846391883403474,0.5181631145694844,0.0,-0.6846391883403474,139.0,198
199,1.1555555555555557,3.0,0.8216199266507896,0.0,0.5533918681607513,0.0,0.1599645231819812,0.6090883918684048,0.44912386868642357,0.0,-0.6090883918684048,140.0,199
200,1.1416666666666668,3.0,0.8449810388451868,0.0,0.5501928745059802,0.0,0.15424477706896061,0.5419479675837799,0.38770319051481933,0.0,-0.5419479675837799,141.0,200
201,1.1277777777777778,3.0,0.8660423490238439,0.0,0.5473465091300149,0.0,0.14921421898183237,0.48226719427811837,0.333052975296286,0.0,-0.48226719427811837,142.0,201
202,1.113888888888889,3.0,0.8850023351434836,0.0,0.5448135931936803,0.0,0.14478463396737531,0.4292056232860362,0.28442098931866083,0.0,-0.4292056232860362,143.0,202
203,1.1,3.0,0.9020489053415482,0.0,0.5425593619789427,0.0,0.14088001221078766,0.3820197622064874,0.24113974999569976,0.0,-0.3820197622064874,144.0,203
204,1.0861111111111112,3.0,0.9173581926535593,5.552176819437286,0.540552955664833,3.0,0.16098260747294935,0.6209617245843592,0.4599791171114098,0.0,1.9312150948529272,145.0,204
205,1.0722222222222224,3.0,0.8412859824896406,0.0,0.5506958920873799,0.0,0.15513955794181372,0.5525006860195073,0.3973611280776936,0.0,-0.5525006860195073,146.0,205
206,1.0583333333333333,3.0,0.8627132593338535,0.0,0.5477941027700506,0.0,0.15000159023057208,0.49164836341554274,0.34164677318497066,0.0,-0.49164836341554274,147.0,206
207,1.0444444444444445,3.0,0.8820071103088791,0.0,0.5452119159874059,0.0,0.1454782724479518,0.4375470594061451,0.29206878695819327,0.0,-0.4375470594061451,148.0,207
208,1.0305555555555557,3.0,0.8993572928879028,11.597242852568142,0.5429138747090123,3.0,0.2262325562591245,1.3411278097546628,1.1148952534955383,0.0,7.256115042813479,149.0,208
209,1.0166666666666668,3.0,0.6334649433412686,7.123126028832583,0.5810237226229487,3.0,0.2563668430407209,1.651799732073528,1.3954328890328072,0.0,2.4713262967590546,150.0,209
210,1.0027777777777778,3.0,0.5535158970471742,0.0,0.5940033775429017,0.0,0.23832311187331587,1.4671879606970273,1.2288648488237115,0.0,-1.4671879606970273,151.0,210
211,0.9888888888888889,3.0,0.6003301739749747,0.0,0.5862975584215937,0.0,0.22266833047955456,1.3035814521741529,1.0809131216945984,0.0,-1.3035814521741529,152.0,211
212,0.9750000000000001,3.0,0.6435183121545934,0.0,0.5794510171811832,0.0,0.20905982597622136,1.158519355854938,0.9494595298787167,0.0,-1.158519355854938,153.0,212
213,0.9611111111111111,3.0,0.6831594007031597,0.0,0.5733663566987518,0.0,0.19720812076571442,1.0298421693817486,0.8326340486160341,0.0,-1.0298421693817486,154.0,213
214,0.9472222222222223,3.0,0.7193922011452085,0.0,0.5679575217755284,0.0,0.1868681199000492,0.9156525379901936,0.7287844180901445,0.0,-0.9156525379901936,155.0,214
215,0.9333333333333333,3.0,0.7523937079372935,0.0,0.5631484223112941,0.0,0.17783182778194975,0.8142815361587966,0.6364497083768469,0.0,-0.8142815361587966,156.0,215
216,0.9194444444444445,3.0,0.7823633634225696,0.0,0.5588717335709643,0.0,0.16992231994762313,0.7242596045101375,0.5543372845625143,0.0,-0.7242596045101375,157.0,216
217,0.9055555555555557,3.0,0.8095115601828269,0.0,0.5550678490934952,0.0,0.16298874635660507,0.6442914489517115,0.4813027025951065,0.0,-0.6442914489517115,158.0,217
218,0.8916666666666667,3.0,0.8340513862461412,0.0,0.5516839654330344,0.0,0.15690218355987867,0.5732343198741394,0.41633213631426075,0.0,-0.5732343198741394,159.0,218
219,0.8777777777777778,3.0,0.8561928149215655,0.0,0.548673280979914,0.0,0.15155218629908346,0.5100791811134311,0.3585269948143477,0.0,-0.5100791811134311,160.0,219
220,0.8638888888888889,3.0,0.8761387294140761,0.0,0.5459942936841502,0.0,0.1468439160550152,0.45393435479069855,0.3070904387356833,0.0,-0.45393435479069855,161.0,220
221,0.8500000000000001,3.0,0.8940823166082909,9.527738305022488,0.5436101846778966,3.0,0.20600617955753778,1.125581050249368,0.9195748706918301,0.0,5.402157254773121,162.0,221
222,0.8361111111111111,3.0,0.6923380929649587,0.0,0.5719828593353184,0.0,0.19454566578119806,1.0006165650193117,0.8060708992381137,0.0,-1.0006165650193117,163.0,222
223,0.8222222222222222,3.0,0.7277624100132202,0.0,0.5667275202333263,0.0,0.18454275939818457,0.8897111478780487,0.7051683884798642,0.0,-0.8897111478780487,164.0,223
224,0.8083333333333333,3.0,0.7600026868769687,0.0,0.5620546675658996,0.0,0.17579758538269535,0.7912472026479673,0.615449617265272,0.0,-0.7912472026479673,165.0,224
225,0.7944444444444445,3.0,0.7892619695011148,1.443523432418712,0.5578989574679586,1.443523432418712,0.16814002890905724,0.7038000122938616,0.5356599833848044,0.0,-0.7038000122938616,166.0,225
226,0.7805555555555557,3.0,0.8157519677740996,0.0,0.5542025288319614,0.0,0.16142496194139916,0.6261135155150579,0.4646885535736587,0.0,-0.6261135155150579,167.0,226
227,0.7666666666666667,3.0,0.839685464892377,0.0,0.550914117510979,0.0,0.1555282793108734,0.557079335521669,0.40155105621079556,0.0,-0.557079335521669,168.0,227
228,0.7527777777777778,3.0,0.8612710065423688,0.0,0.5479882806647517,0.0,0.15034360195738652,0.4957185907206185,0.34537498876323197,0.0,-0.4957185907206185,169.0,228
229,0.7388888888888889,3.0,0.8807092989935734,6.139378150948345,0.5453847166378577,3.0,0.17546055101585362,0.787423058457511,0.6119625074416575,0.0,2.351955092490834,170.0,229
230,0.7250000000000001,3.0,0.790410457583361,0.0,0.5577374219555616,0.0,0.16784467536913333,0.7004031769159162,0.532558501546783,0.0,-0.7004031769159162,171.0,230
231,0.7111111111111111,3.0,0.8167905690409528,0.0,0.5540588338415074,0.0,0.16116576695871832,0.6230953767156608,0.46192960975694247,0.0,-0.6230953767156608,172.0,231
232,0.6972222222222222,3.0,0.8406229143298171,0.0,0.5507862740898496,0.0,0.15530051458227018,0.5543969771073818,0.39909646252511166,0.0,-0.5543969771073818,173.0,232
233,0.6833333333333333,3.0,0.862115776368582,0.0,0.5478745252605041,0.0,0.15014320943201437,0.49333409443369186,0.3431908850016775,0.0,-0.49333409443369186,174.0,233
234,0.6694444444444445,3.0,0.881469479757361,0.0,0.5452834848485624,0.0,0.14560301938411682,0.4390459284765138,0.293442909092397,0.0,-0.4390459284765138,175.0,234
235,0.6555555555555556,3.0,0.8988741068645899,0.0,0.5429775713586648,0.0,0.14160171442034106,0.39077108450670384,0.2491693700863628,0.0,-0.39077108450670384,176.0,235
236,0.6416666666666667,3.0,0.9145081429570547,0.0,0.5409252022173481,0.0,0.13807176511029262,0.34783564768337516,0.20976388257308257,0.0,-0.34783564768337516,177.0,236
237,0.6277777777777778,3.0,0.9285378004395222,0.0,0.5390983343198513,0.0,0.13495474994098106,0.30964276888212594,0.1746880189411449,0.0,-0.30964276888212594,178.0,237
238,0.6138888888888889,3.0,0.9411168325309038,0.0,0.5374720592732015,0.0,0.13220001863840553,0.2756635566838742,0.14346353804546866,0.0,-0.2756635566838742,179.0,238
239,0.6,3.0,0.9523866929256233,0.0,0.5360242464754921,0.0,0.12976356794471045,0.2454291002741577,0.11566553232944726,0.0,-0.2454291002741577,180.0,239
