,kc,LAI,stress,R,s,E,ET,T,L,dsdt,dos,doy
60,0.3,0.75,1.0,0.0,0.5081977028716669,0.2649090813242129,0.2649090813242129,0.0,0.0,-0.2649090813242129,1.0,60
61,0.3,0.75,1.0,0.0,0.5068063736630313,0.2586654099273919,0.2586654099273919,0.0,0.0,-0.2586654099273919,2.0,61
62,0.3,0.75,1.0,0.0,0.5054478368461858,0.2526169834361183,0.2526169834361183,0.0,0.0,-0.2526169834361183,3.0,62
63,0.3,0.75,1.0,0.0,0.5041210669751978,0.24675621184637017,0.24675621184637017,0.0,0.0,-0.24675621184637017,4.0,63
64,0.3,0.75,1.0,0.0,0.5028250784676013,0.2410758571534,0.2410758571534,0.0,0.0,-0.2410758571534,5.0,64
65,0.3,0.75,1.0,0.0,0.5015589237556611,0.23556901442223802,0.23556901442223802,0.0,0.0,-0.23556901442223802,6.0,65
66,0.3,0.75,1.0,0.0,0.500321691537057,0.23022909401432126,0.23022909401432126,0.0,0.0,-0.23022909401432126,7.0,66
67,0.3,0.75,1.0,0.0,0.49911250511891453,0.22504980489131907,0.22504980489131907,0.0,0.0,-0.22504980489131907,8.0,67
68,0.3,0.75,1.0,0.0,0.4979305208495273,0.22002513892317235,0.22002513892317235,0.0,0.0,-0.22002513892317235,9.0,68
69,0.3,0.75,1.0,22.086173195867634,0.49677492663249384,0.8560176708264083,1.2533316009111426,0.3973139300847343,0.0,20.83284159495649,10.0,69
70,0.3,0.75,0.4833524756571783,0.0,0.6061911114799544,0.8125486111397625,1.1782659462435436,0.36571733510378107,0.0,-1.1782659462435436,11.0,70
71,0.3,0.75,0.5183842182180706,0.0,0.6000027399135492,0.7723774916597699,1.108390643244806,0.33601315158503625,0.0,-1.108390643244806,12.0,71
72,0.3,0.75,0.5524570686608199,0.0,0.5941813604847425,0.7352134664723793,1.043283996799143,0.3080705303267637,0.0,-1.043283996799143,13.0,72
73,0.3,0.75,0.5855192392770129,0.0,0.5887019277284444,0.7007950142626157,0.9825642673591488,0.2817692530965331,0.0,-0.9825642673591488,14.0,73
74,0.3,0.75,0.617535697218978,0.0,0.5835414011141632,0.6688866171898639,0.925885342537847,0.2569987253479832,0.0,-0.925885342537847,15.0,74
75,0.3,0.75,0.648485168603553,0.0,0.5786785579285653,0.6392758568597817,0.8729329349168948,0.2336570780571131,0.0,-0.8729329349168948,16.0,75
76,0.3,0.75,0.6783576390207903,0.0,0.5740938261275311,0.6117708698630997,0.823421235275249,0.21165036541214927,0.0,-0.823421235275249,17.0,76
77,0.3,0.75,0.7071522671539839,44.817148484311126,0.5697691347657914,2.417471711922811,3.6174717119228106,1.2,0.0,41.199676772388315,18.0,77
78,0.3,0.75,0.0,0.0,0.7861539917636292,2.2408180559541755,3.4408180559541757,1.2,0.0,-3.4408180559541757,19.0,78
79,0.3,0.75,0.002272440966052494,7.032406832353255,0.7680824683605085,2.41619195561788,3.6161919556178796,1.2,0.0,3.416214876735375,20.0,79
80,0.3,0.75,0.0,0.0,0.7860247733853792,2.2396319593923986,3.4396319593923987,1.2,0.0,-3.4396319593923987,21.0,80
81,0.3,0.75,0.002319586149892519,15.527799287120452,0.7679594794810074,2.846921398522275,4.046921398522275,1.2,2.7844922092033886,8.696385679394787,22.0,81
82,0.3,0.75,0.0,1.9581090342515872,0.8136337740156439,2.59627494457122,3.79627494457122,1.2,0.3197814618464537,-2.1579473721660865,23.0,82
83,0.3,0.75,0.0,0.0,0.8023000168088892,2.390657777040267,3.590657777040267,1.2,0.0,-3.590657777040267,24.0,83
84,0.3,0.75,0.0,0.0,0.7834415200807365,2.2159642309247998,3.4159642309248,1.2,0.0,-3.4159642309248,25.0,84
85,0.3,0.75,0.003363753401076116,0.0,0.7655005314729382,2.0539223239174427,3.1843248749875457,1.130402551070103,0.0,-3.1843248749875457,26.0,85
86,0.3,0.75,0.015598874808436433,0.0,0.7487761361211128,1.906607804254146,2.9567332576354874,1.0501254533813413,0.0,-2.9567332576354874,27.0,86
87,0.3,0.75,0.034973376095422504,0.0,0.7332470748940357,1.7731336505956432,2.7487196100870146,0.9755859594913714,0.0,-2.7487196100870146,28.0,87
88,0.30357142857142855,0.75,0.059906434859923065,12.953237494408715,0.7188105223200493,2.2471389427665804,3.44713894276658,1.2,0.0,9.506098551642134,29.0,88
89,0.3214285714285714,0.75,0.0020294987116762754,0.0,0.768737510511447,2.0828544863345497,3.2287945367894952,1.1459400504549455,0.0,-3.2287945367894952,30.0,89
90,0.33928571428571425,0.75,0.012742295342527138,0.0,0.7517795560115021,1.9327931067296376,2.997334975584848,1.0645418688552102,0.0,-2.997334975584848,31.0,90
91,0.3571428571428571,0.75,0.030923573543367885,0.0,0.736037250467464,1.7968769916317358,2.7858557938755633,0.9889788022438273,0.0,-2.7858557938755633,32.0,91
92,0.37499999999999994,0.75,0.05493275642180078,0.0,0.7214056549113949,1.673547448026057,2.5922945916007523,0.9187471435746951,0.0,-2.5922945916007523,33.0,92
93,0.3928571428571428,0.75,0.08342701519763743,0.0,0.7077906623084498,1.561442455308784,2.4148376343893427,0.8533951790805588,0.0,-2.4148376343893427,34.0,93
94,0.41071428571428564,0.75,0.11530726457177626,23.74812788158792,0.6951076915395982,2.557010793043227,3.757010793043227,1.2,0.0,19.99111708854469,35.0,94
95,0.4285714285714285,0.75,0.0,0.0,0.8001030543996018,2.370079832559018,3.570079832559018,1.2,0.0,-3.570079832559018,36.0,95
96,0.4464285714285714,0.75,0.0,0.0,0.7813526351109515,2.196887282184202,3.3968872821842018,1.2,0.0,-3.3968872821842018,37.0,96
97,0.4642857142857142,0.75,0.004349750426623425,0.0,0.7635118405616648,2.0362143919366145,3.1570712266326053,1.1208568346959906,0.0,-3.1570712266326053,38.0,97
98,0.4821428571428571,0.75,0.01749738026708646,0.0,0.7469305841192666,1.8905765258023208,2.9318433295748,1.0412668037724795,0.0,-2.9318433295748,39.0,98
99,0.4999999999999999,0.75,0.037585968821986615,0.0,0.7315322473042729,1.7585934349851495,2.7259482220456595,0.9673547870605098,0.0,-2.7259482220456595,40.0,99
100,0.5178571428571428,0.75,0.06307071222196758,0.0,0.7172152923565541,1.6387687063141259,2.5374021096255857,0.8986334033114597,0.0,-2.5374021096255857,41.0,100
101,0.5357142857142856,0.75,0.09268712188750222,0.0,0.7038886006043189,1.5297936948063828,2.3644589777071134,0.8346652829007306,0.0,-2.3644589777071134,42.0,101
102,0.5535714285714285,0.75,0.12540034089268975,45.322630926264985,0.6914702236205631,3.6782313955231065,4.878231395523106,1.2,14.145243033755603,26.29915649698627,43.0,102
103,0.5714285714285714,0.75,0.0,0.0,0.8295960455585162,2.6512126802467977,3.851212680246798,1.2,0.8101273997870798,-4.661340080033877,44.0,103
104,0.5892857142857142,0.75,0.0,0.0,0.8051142174070778,2.4171035904645954,3.6171035904645956,1.2,0.0,-3.6171035904645956,45.0,104
105,0.607142857142857,0.75,0.0,0.0,0.7861168246000159,2.240476876806929,3.4404768768069287,1.2,0.0,-3.4404768768069287,46.0,105
106,0.6249999999999999,0.75,0.002285951732161821,0.0,0.7680470931041812,2.0766722132554722,3.2192982601555418,1.1426260469000695,0.0,-3.2192982601555418,47.0,106
107,0.6428571428571428,0.75,0.01332730420006376,0.0,0.7511390140067256,1.9271985602405735,2.9886658274728557,1.0614672672322825,0.0,-2.9886658274728557,48.0,107
108,0.6607142857142856,0.75,0.03176630404328447,0.0,0.7354422397027714,1.7918048470054155,2.777927597578718,0.9861227505733028,0.0,-2.777927597578718,49.0,108
109,0.6785714285714284,0.75,0.05597523724409571,0.0,0.7208522838331354,1.6689406952588,2.58503165765785,0.9160909623990496,0.0,-2.58503165765785,50.0,109
110,0.6964285714285713,0.75,0.08462179326879439,0.0,0.7072754368916551,1.5572512074494684,2.4081733045294125,0.8509220970799442,0.0,-2.4081733045294125,51.0,110
111,0.7142857142857142,0.75,0.11661550791687175,0.0,0.6946274678552611,1.4555492153532217,2.2457610610584746,0.790211845705253,0.0,-2.2457610610584746,52.0,111
112,0.732142857142857,0.75,0.15106435553198594,5.335598364569371,0.6828325042992817,1.586452566294132,2.4545594700710884,0.8681069037769564,0.0,2.8810388944982828,53.0,112
113,0.7499999999999999,0.75,0.10767845560175739,0.0,0.6979640110981172,1.4821555706819087,2.288382823952871,0.8062272532709626,0.0,-2.288382823952871,54.0,113
114,0.7678571428571428,0.75,0.14154090527337448,0.0,0.6859451937454236,1.387072477859975,2.1356094078380083,0.7485369299780332,0.0,-2.1356094078380083,55.0,114
115,0.7857142857142856,0.75,0.17731255101704851,0.0,0.6747287577798878,1.3002531128005919,1.9949511501440533,0.6946980373434615,0.0,-1.9949511501440533,56.0,115
116,0.8035714285714284,0.75,0.21436502500494498,0.0,0.6642510731677868,1.2208594141229985,1.8652645653283746,0.6444051512053762,0.0,-1.8652645653283746,57.0,116
117,0.8214285714285712,0.75,0.2521866985449903,0.0,0.6544545155767764,1.148150549596292,1.7455322243648186,0.5973816747685264,0.0,-1.7455322243648186,58.0,117
118,0.8392857142857142,0.75,0.2903623214694173,0.0,0.6452868043143561,1.0814702263530869,1.6348468870619963,0.5533766607089093,0.0,-1.6348468870619963,59.0,118
119,0.857142857142857,0.75,0.32855629751979737,6.339201792749817,0.6367004236049969,1.2641736935086076,1.9361475367138488,0.6719738432052411,0.0,4.4030542560359685,60.0,119
120,0.875,0.75,0.2310697651575103,0.0,0.659825708563169,1.1878306845867093,1.8109940856899205,0.6231634011032111,0.0,-1.8109940856899205,61.0,120
121,0.8928571428571428,0.75,0.26909456977935425,0.0,0.6503141850038732,1.1178717108667615,1.6953797988853525,0.5775080880185911,0.0,-1.6953797988853525,62.0,121
122,0.9107142857142856,0.75,0.30731554472412503,0.0,0.6414098793374585,1.053674399686034,1.5884418205058348,0.5347674208198008,0.0,-1.5884418205058348,63.0,122
123,0.9285714285714284,0.75,0.34542785664080333,0.0,0.6330672227171548,0.9946857656551535,1.4894084346974963,0.49472266904234274,0.0,-1.4894084346974963,64.0,123
124,0.9464285714285714,0.75,0.3831872488935886,0.0,0.6252446994256763,0.9404135121934128,1.397588069436659,0.457174557243246,0.0,-1.397588069436659,65.0,124
125,0.9642857142857142,0.75,0.4203996020165373,0.0,0.6179044259517442,0.8904185436899179,1.31235978825829,0.4219412445683721,0.0,-1.31235978825829,66.0,125
126,0.982142857142857,0.75,0.45691229595320476,0.0,0.6110117800050096,0.8443085031933621,1.2331650472174078,0.38885654402404574,0.0,-1.2331650472174078,67.0,126
127,0.9999999999999998,0.75,0.49260705070068317,0.0,0.6045350728242459,0.8017321813316014,1.1595005308879816,0.3577683495563802,0.0,-1.1595005308879816,68.0,127
128,1.0178571428571428,0.75,0.5273939830248712,0.0,0.598445259111599,0.7623746674294926,1.0909119111651675,0.3285372437356749,0.0,-1.0909119111651675,69.0,128
129,1.0357142857142856,0.75,0.5612066658066327,0.0,0.5927156797462357,0.7259531345942053,1.0269883973761367,0.3010352627819314,0.0,-1.0269883973761367,70.0,129
130,1.0535714285714284,0.75,0.5939980158674021,0.0,0.5873218331213611,0.692213167717798,0.9673579667003311,0.27514479898253313,0.0,-0.9673579667003311,71.0,130
131,1.0714285714285712,0.75,0.6257368677954315,3.1193442984883855,0.5822411715315484,0.7635222210486279,1.0929187762947252,0.3293965552460973,0.0,2.0264255221936605,72.0,131
132,1.0892857142857142,0.75,0.5601973849786793,0.0,0.5928841627195404,0.7270156371381521,1.0288596181919458,0.3018439810537936,0.0,-1.0288596181919458,73.0,132
133,1.107142857142857,0.75,0.5930201984451734,0.0,0.5874804882542465,0.693197939396639,0.969104283017022,0.27590634362038297,0.0,-0.969104283017022,74.0,133
134,1.1249999999999998,0.75,0.624791252744393,0.0,0.5823906548350394,0.6618391982607841,0.913314341468973,0.25147514320818887,0.0,-0.913314341468973,75.0,134
135,1.1428571428571428,0.75,0.6554920848031822,0.0,0.5775938358147191,0.6327319648951466,0.8611823768057982,0.22845041191065166,0.0,-0.8611823768057982,76.0,135
136,1.1607142857142856,0.75,0.6851149743296938,0.0,0.5730708191298147,0.6056888026681508,0.8124287344912614,0.20673993182311054,0.0,-0.8124287344912614,77.0,136
137,1.1785714285714284,0.75,0.7136609427399665,36.754010052939684,0.56880386149068,2.021364096449964,3.1341943136121104,1.1128302171621463,0.0,33.61981573932757,78.0,137
138,1.1964285714285712,0.75,0.019178345620935455,9.31099098478438,0.7453785239871483,2.3158329964806526,3.5158329964806523,1.2,0.0,5.795157988303728,79.0,138
139,1.2,0.75,0.0002801903544164027,0.0,0.775815278127399,2.146583682270453,3.3264970172819686,1.1799133350115152,0.0,-3.3264970172819686,80.0,139
140,1.2,0.75,0.007503592397106343,0.0,0.7583441803475568,1.990439592793271,3.0864916584615436,1.0960520656682724,0.0,-3.0864916584615436,81.0,140
141,1.2,0.75,0.02294180991114192,0.0,0.7421336149144605,1.8491196122107036,2.867360963800114,1.0182413515894102,0.0,-2.867360963800114,82.0,141
142,1.2,0.75,0.04481867509429548,0.0,0.7270739459869389,1.7209782842961308,2.666933225033437,0.9459549407373063,0.0,-2.666933225033437,83.0,142
143,1.2,0.75,0.07168054429355437,0.7762623729431757,0.7130669437546204,1.6381787132768182,2.5364696829530256,0.8982909696762073,0.0,-1.7602073100098499,84.0,143
144,1.2,0.75,0.09284901909856402,0.0,0.7038221574625518,1.5292566618741896,2.3636030176944383,0.8343463558202486,0.0,-2.3636030176944383,85.0,144
145,1.2,0.75,0.12557589679045678,0.0,0.6914082760670979,1.4300313726822054,2.204791097804275,0.7747597251220696,0.0,-2.204791097804275,86.0,145
146,1.2,0.75,0.16054929979942534,0.0,0.6798284908895544,1.3394949848904056,2.058671741160267,0.7191767562698611,0.0,-2.058671741160267,87.0,146
147,1.2,0.7589285714285714,0.1970786773462229,0.0,0.6690161393078303,1.25116147784663,1.9263827259132342,0.6752212480666042,0.0,-1.9263827259132342,88.0,147
148,1.2,0.8035714285714285,0.23464885129030455,0.0,0.6588985829742524,1.1497367367316234,1.8126437348849214,0.6629069981532979,0.0,-1.8126437348849214,89.0,148
149,1.2,0.8482142857142856,0.2729920578679291,0.0,0.6493783952910333,1.0578223522599655,1.705876498125574,0.6480541458656087,0.0,-1.705876498125574,90.0,149
150,1.2,0.8928571428571428,0.31172586807869024,0.0,0.6404189599017183,0.9744584462654677,1.6054239314181433,0.6309654851526756,0.0,-1.6054239314181433,91.0,150
151,1.2,0.9374999999999999,0.3505250424876187,2.9981237381366244,0.6319871115224213,1.0007748435113433,1.7071762018728651,0.706401358361522,0.0,1.2909475362637592,92.0,151
152,1.2,0.982142857142857,0.31914681709329457,0.0,0.638767298162462,0.9214576064736544,1.6051377663519868,0.6836801598783324,0.0,-1.6051377663519868,93.0,152
153,1.2,1.0267857142857142,0.35838444338994463,0.0,0.6303369527509495,0.8495345540449694,1.508891672122637,0.6593571180776677,0.0,-1.508891672122637,94.0,153
154,1.2,1.0714285714285712,0.3973431318978886,0.0,0.622412101531818,0.7842749054245631,1.417957887357029,0.6336829819324661,0.0,-1.417957887357029,95.0,154
155,1.2,1.1160714285714284,0.4357856449334608,0.0,0.6149648437200689,0.7250266891729648,1.3319184300305993,0.6068917408576345,0.0,-1.3319184300305993,96.0,155
156,1.2,1.1607142857142856,0.47351203103485745,0.0,0.607969473814446,0.6712069583938063,1.2504087638725476,0.5792018054787413,0.0,-1.2504087638725476,97.0,156
157,1.2,1.2053571428571428,0.5103547815227002,0.0,0.6014022008949473,0.6222934305517326,1.1731104088841833,0.5508169783324506,0.0,-1.1731104088841833,98.0,157
158,1.2,1.2499999999999998,0.5461747607314592,0.0,0.5952409067306397,0.5778173159271177,1.0997445697722348,0.5219272538451171,0.0,-1.0997445697722348,99.0,158
159,1.2,1.294642857142857,0.5808577615749745,0.0,0.5894649373515838,0.5373571413879338,1.0300666223010562,0.4927094809131225,0.0,-1.0300666223010562,100.0,159
160,1.2,1.339285714285714,0.6143115675781408,0.0,0.5840549235789942,0.5005334105508615,0.9638613269422405,0.4633279163913789,0.0,-0.9638613269422405,101.0,160
161,1.2,1.3839285714285712,0.6464634259753715,0.0,0.5789926266937934,0.46700396924357457,0.9009386628171725,0.433934693573598,0.0,-0.9009386628171725,102.0,161
162,1.2,1.4285714285714284,0.6772578552583294,0.0,0.5742608059857199,0.43645996781249846,0.8411301939676519,0.40467022615515336,0.0,-0.8411301939676519,103.0,162
163,1.2,1.4732142857142856,0.7066547256530626,0.40455903654277087,0.5698431053871503,0.41734450546143814,0.8130417563234638,0.3956972508620256,0.0,-0.4084827197806929,104.0,163
164,1.2,1.5178571428571423,0.7211561773775524,21.061182321164633,0.5676977129513273,0.9044669248233238,2.345223397634413,1.440756472811089,0.0,18.71595892353022,105.0,164
165,1.2,1.5624999999999998,0.20795126153737017,0.0,0.6659958165412969,0.8219972876543304,2.181955453067299,1.3599581654129687,0.0,-2.181955453067299,106.0,165
166,1.2,1.607142857142857,0.25185957934316755,0.0,0.6545359664726661,0.748339909271538,2.0292812787046746,1.2809413694331366,0.0,-2.0292812787046746,107.0,166
167,1.2,1.651785714285714,0.2964672842311405,0.0,0.6438779765635029,0.682507951365045,1.8863608464649322,1.203852895099887,0.0,-1.8863608464649322,108.0,167
168,1.2,1.696428571428571,0.3411932810186156,4.550014537710061,0.6339706191766072,0.7309706531339285,2.1192491289736197,1.3882784758396913,0.0,2.4307654087364416,109.0,168
169,1.2,1.7410714285714282,0.2841433932386524,14.396243112890119,0.6467372442224919,1.024383684237251,3.1676873488549724,2.1433036646177217,0.0,11.228555764035146,110.0,169
170,1.2,1.7857142857142856,0.0883022793528347,0.0,0.705710751386542,0.9202340759951103,2.928356948984162,2.0081228729890515,0.0,-2.928356948984162,111.0,170
171,1.2,1.8303571428571423,0.12864926093392237,0.0,0.6903307253939782,0.8282424342844479,2.706402360328192,1.8781599260437438,0.0,-2.706402360328192,112.0,171
172,1.2,1.8749999999999998,0.17266874688713582,0.0,0.6761164272830108,0.7469240475492849,2.500321174945414,1.753397127396129,0.0,-2.500321174945414,113.0,172
173,1.2,1.919642857142857,0.2190820795086835,0.0,0.6629844883389697,0.6749848748299874,2.308794302994472,1.6338094281644844,0.0,-2.308794302994472,114.0,173
174,1.2,1.964285714285714,0.26684056525791383,0.0,0.6508584678400492,0.6112950182423258,2.1306586139458004,1.5193635957034748,0.0,-2.1306586139458004,115.0,174
175,1.2,2.008928571428571,0.31508897115753326,0.0,0.639668033943275,0.554866320110429,1.9648838993811069,1.4100175792706777,0.0,-1.9648838993811069,116.0,175
176,1.2,2.053571428571428,0.36313512141636933,0.0,0.6293482655641726,0.5048333615240427,1.8105534232245954,1.3057200617005527,0.0,-1.8105534232245954,117.0,176
177,1.2,2.0982142857142856,0.41042444563349845,15.478011135845662,0.6198390564085812,0.7682690441691474,3.0663156698802174,2.29804662571107,0.0,12.411695465965444,118.0,177
178,1.2,2.1428571428571423,0.1443193521737195,0.0,0.6850265325953745,0.6876855232298706,2.8137636845378626,2.126078161307992,0.0,-2.8137636845378626,119.0,178
179,1.2,2.1875,0.19272675275755957,0.0,0.6702483619833058,0.6170475636771805,2.5805246314434616,1.9634770677662812,0.0,-2.5805246314434616,120.0,179
180,1.2,2.2321428571428568,0.24326523291880914,0.0,0.6566951863979935,0.5550752232906101,2.3650064575476595,1.8099312342570495,0.0,-2.3650064575476595,121.0,180
181,1.2,2.276785714285714,0.29474503989150164,0.0,0.6442739339949071,0.5006587743453406,2.165793241128271,1.6651344667829306,0.0,-2.165793241128271,122.0,181
182,1.2,2.321428571428571,0.34621941081868063,0.0,0.6328989694931829,0.452834905570265,1.9816195951832676,1.5287846896130026,0.0,-1.9816195951832676,123.0,182
183,1.2,2.3660714285714284,0.39694383130749583,0.0,0.6224913035520944,0.41076652877861847,1.8113491254246181,1.4005825966459997,0.0,-1.8113491254246181,124.0,183
184,1.2,2.4107142857142856,0.44634202850302557,0.0,0.6129779152883096,0.3737255813593993,1.6539562743790324,1.280230693019633,0.0,-1.6539562743790324,125.0,184
185,1.2,2.4553571428571423,0.49397748619742604,0.0,0.6042911701497642,0.3410783305060381,1.508511004288046,1.167432673782008,0.0,-1.508511004288046,126.0,185
186,1.2,2.4999999999999996,0.5395295127567402,0.0,0.5963683182364866,0.3122727763393682,1.3741658681231534,1.0618930917837852,0.0,-1.3741658681231534,127.0,186
187,1.2,2.5446428571428568,0.5827730831751002,0.0,0.5891510605257557,0.28682782401546786,1.2501450954349174,0.9633172714194496,0.0,-1.2501450954349174,128.0,187
188,1.2,2.589285714285714,0.6235618263783436,0.0,0.5825851724194799,0.2643239533931802,1.1357353820588472,0.8714114286656669,0.0,-1.1357353820588472,129.0,188
189,1.2,2.633928571428571,0.6618136471447683,0.0,0.5766201756649691,0.2443951618918822,1.0302781231013616,0.7858829612094793,0.0,-1.0302781231013616,130.0,189
190,1.2,2.678571428571428,0.6974985656891312,0.0,0.5712090510688486,0.22672199415294597,0.9331628696189207,0.7064408754659747,0.0,-0.9331628696189207,131.0,190
191,1.2,2.7232142857142856,0.7306284324495111,0.0,0.5663079855771526,0.21102550287625774,0.8438218229352019,0.6327963200589442,0.0,-0.8438218229352019,132.0,191
192,1.2,2.7678571428571423,0.7612482350837886,0.0,0.5618761482718206,0.19706201019434763,0.7617252081523126,0.5646631979579649,0.0,-0.7617252081523126,133.0,192
193,1.2,2.8124999999999996,0.7894287623500761,0.0,0.5578754906659786,0.18461855932772925,0.6863773913153441,0.5017588319876148,0.0,-0.6863773913153441,134.0,193
194,1.2,2.8571428571428568,0.8152604279265703,0.0,0.5542705673922635,0.17350896295735976,0.617313623844464,0.44380466088710424,0.0,-0.617313623844464,135.0,194
195,1.2,2.901785714285714,0.8388480882846717,0.0,0.551028373989719,0.16357036848983814,0.5540973140131913,0.39052694552335315,0.0,-0.5540973140131913,136.0,195
196,1.1972222222222224,2.946428571428571,0.8603067140030288,0.0,0.5481181990211623,0.15466027176692712,0.49631773902313037,0.3416574672562032,0.0,-0.49631773902313037,137.0,196
197,1.1833333333333333,2.991071428571428,0.8797577946065961,0.0,0.5455114882069652,0.14665392025385351,0.4435881230729002,0.2969342028190467,0.0,-0.4435881230729002,138.0,197
198,1.1694444444444445,3.0,0.8973263740822671,21.474958633135927,0.5431817186530109,0.37637073333929594,2.7950017785160224,2.4186310451767263,0.0,18.679956854619903,139.0,198
199,1.1555555555555557,3.0,0.3078441598355001,0.0,0.6412907357466029,0.3418019157450918,2.4785840420798664,2.136782126334775,0.0,-2.4785840420798664,140.0,199
200,1.1416666666666668,3.0,0.36833750294255857,3.743064579981991,0.6282729624163514,0.3573035675615291,2.6215963363738286,2.2642927688122994,0.0,1.1214682436081622,141.0,200
201,1.1277777777777778,3.0,0.34029476440280065,0.0,0.6341630267210162,0.3254216085597031,2.3253517216032136,1.9999301130435105,0.0,-2.3253517216032136,142.0,201
202,1.113888888888889,3.0,0.3996766124590793,0.0,0.6219500449899069,0.29798580399001806,2.0634266677962305,1.7654408638062122,0.0,-2.0634266677962305,143.0,202
203,1.1,3.0,0.45636661324092487,0.0,0.6111127200540023,0.27432414484273265,1.8316883698795763,1.5573642250368436,0.0,-1.8316883698795763,144.0,203
204,1.0861111111111112,3.0,0.5098387950460005,0.0,0.6014925080273239,0.2538736907248977,1.626529844849516,1.3726561541246183,0.0,-1.626529844849516,145.0,204
205,1.0722222222222224,3.0,0.5598043816798124,0.0,0.592949809262358,0.23616186755170904,1.4447982053889814,1.2086363378372724,0.0,-1.4447982053889814,146.0,205
206,1.0583333333333333,3.0,0.6061458115040075,4.292636049434573,0.5853615833937184,0.26745078479765155,1.7632640480848998,1.4958132632872483,0.0,2.5293720013496728,147.0,206
207,1.0444444444444445,3.0,0.5262277915189983,0.0,0.5986461002075296,0.24792478975922327,1.5659299137437914,1.318005123984568,0.0,-1.5659299137437914,148.0,207
208,1.0305555555555557,3.0,0.5750390403814337,0.0,0.5904216783916484,0.23100261734154173,1.3910988424611903,1.1600962251196485,0.0,-1.3910988424611903,149.0,208
209,1.0166666666666668,3.0,0.6202161833973032,0.0,0.5831154869921673,0.21630792889102393,1.2361252791406356,1.0198173502496117,0.0,-1.2361252791406356,150.0,209
210,1.0027777777777778,3.0,0.6617937537545853,0.0,0.576623232374832,0.20352319764528295,1.0986892592420576,0.8951660615967746,0.0,-1.0986892592420576,151.0,210
211,0.9888888888888889,3.0,0.6998807828524516,0.0,0.5708528055930986,0.19237991609154745,0.9767537834790398,0.7843738673874924,0.0,-0.9767537834790398,152.0,211
212,0.9750000000000001,3.0,0.7346355209146742,0.0,0.5657227962260868,0.18265050937825622,0.868528196919122,0.6858776875408658,0.0,-0.868528196919122,153.0,212
213,0.9611111111111111,3.0,0.7662467362988058,0.0,0.5611611985531922,0.17414164762341638,0.772436659844707,0.5982950122212906,0.0,-0.772436659844707,154.0,213
214,0.9472222222222223,3.0,0.7949200082078589,0.0,0.5571042833229154,0.1666887070286263,0.6870909468286013,0.520402239799975,0.0,-0.6870909468286013,155.0,214
215,0.9333333333333333,3.0,0.8208678017510376,2.6767448829198437,0.5534956123836895,0.1861044555178117,0.9071440670244654,0.7210396115066536,0.0,1.7696008158953784,156.0,215
216,0.9194444444444445,3.0,0.7548847922968256,0.0,0.5627897343159132,0.17716385498757023,0.8067267538531026,0.6295628988655323,0.0,-0.8067267538531026,157.0,216
217,0.9055555555555557,3.0,0.7846223363818978,0.0,0.5585527240540796,0.16933715016325232,0.7175494520015807,0.5482123018383284,0.0,-0.7175494520015807,158.0,217
218,0.8916666666666667,3.0,0.8115553557149785,0.0,0.5547840819742393,0.16247537607872808,0.638329749984123,0.4758543739053948,0.0,-0.638329749984123,159.0,218
219,0.8777777777777778,3.0,0.8358968757045828,0.0,0.5514315097579362,0.15645119635358803,0.5679361837059625,0.41148498735237454,0.0,-0.5679361837059625,160.0,219
220,0.8638888888888889,3.0,0.8578564307614942,0.0,0.5484486516502368,0.1511555048291666,0.5053696165137129,0.35421411168454636,0.0,-0.5053696165137129,161.0,220
221,0.8500000000000001,3.0,0.8776362131688611,0.0,0.5457943994626648,0.14649459541683996,0.4497470651000043,0.3032524696831643,0.0,-0.4497470651000043,162.0,221
222,0.8361111111111111,3.0,0.8954285592280075,0.0,0.5434322825241144,0.14238780120848293,0.40028762567147796,0.25789982446299503,0.0,-0.40028762567147796,163.0,222
223,0.8222222222222222,3.0,0.9114144251908698,2.527871516388612,0.541329931548949,0.1621545050373272,0.6346006041944883,0.47244609915716107,0.0,1.8932709121941238,164.0,223
224,0.8083333333333333,3.0,0.83705239379685,0.0,0.5512735812978677,0.15616929280459876,0.5646220537236589,0.40845276091906013,0.0,-0.5646220537236589,165.0,224
225,0.7944444444444445,3.0,0.8588979669157062,0.0,0.5483081293350334,0.15090752739796426,0.5024236106306044,0.3515160832326401,0.0,-0.5024236106306044,166.0,225
226,0.7805555555555557,3.0,0.8785736574648046,0.0,0.5456693498674356,0.14627620886870324,0.4471277263234672,0.30085151745476396,0.0,-0.4471277263234672,167.0,226
227,0.7666666666666667,3.0,0.8962712606941515,0.0,0.5433209899602746,0.14219526894842574,0.3979582761856968,0.255763007237271,0.0,-0.3979582761856968,168.0,227
228,0.7527777777777778,3.0,0.9121711364123496,0.0,0.5412308729635009,0.1385956157003691,0.3542283765995863,0.21563276089921715,0.0,-0.3542283765995863,169.0,228
229,0.7388888888888889,3.0,0.9264414408041832,0.0,0.5393704298090913,0.1354174962610415,0.3153297485955946,0.1799122523345531,0.0,-0.3153297485955946,170.0,229
230,0.7250000000000001,3.0,0.9392378740061,0.0,0.5377142861715094,0.13260912318438972,0.28072341767736975,0.14811429449298003,0.0,-0.28072341767736975,171.0,230
231,0.7111111111111111,3.0,0.9507037935383857,0.0,0.5362398984736241,0.13012551951207585,0.2499315702056576,0.11980605069358176,0.0,-0.2499315702056576,172.0,231
232,0.6972222222222222,3.0,0.9609705806377956,0.0,0.5349272326637204,0.12792754558478783,0.22253041272821983,0.09460286714343198,0.0,-0.22253041272821983,173.0,232
233,0.6833333333333333,3.0,0.9701581748419829,0.0,0.5337584804960303,0.12598107709256315,0.19814390261634346,0.07216282552378032,0.0,-0.19814390261634346,174.0,233
234,0.6694444444444445,3.0,0.9783757138407019,0.0,0.5327178087385914,0.12425630919041596,0.17643823697137082,0.05218192778095485,0.0,-0.17643823697137082,175.0,234
235,0.6555555555555556,3.0,0.9857222321593123,0.0,0.5317911373259266,0.12272716588611533,0.15711700254390637,0.03438983665779105,0.0,-0.15711700254390637,176.0,235
236,0.6416666666666667,3.0,0.992287384854922,0.0,0.5309659429848347,0.12137079750914682,0.1399169028179722,0.01854610530882539,0.0,-0.1399169028179722,177.0,236
237,0.6277777777777778,3.0,0.9981521719909314,0.0,0.5302310853019672,0.12016715203265663,0.12460398983042567,0.004436837797769044,0.0,-0.12460398983042567,178.0,237
238,0.6138888888888889,3.0,1.0,0.0,0.5295766525822696,0.11909860845764396,0.11909860845764396,0.0,0.0,-0.11909860845764396,179.0,238
239,0.6,3.0,1.0,0.0,0.5289511346807063,0.11808025431668459,0.11808025431668459,0.0,0.0,-0.11808025431668459,180.0,239
